-0.62269,0.3137,-0.022767,-0.3517,0.52824,-0.13517,-0.31167,0.553,3.0085,0.52773,0.071238,0.3815,-0.083596,0.17185,-0.17313,-0.46488,-0.092404,-0.32195,0.44832,1.7631,-0.043781,-0.23752,-0.96699,-0.4804,0.2639,-0.17943,-0.24237,-0.8606,0.2996,2.0421,-0.23681,0.19428,0.63385,-0.20391,-0.38528,-0.23334,-0.023484,-0.038451,-0.46538,0.50794,-0.50682,-0.09557,-0.21099,-0.075133,-0.39617,-0.61516,0.040819,-0.11647,-0.38947,-0.20137,-0.36656,0.99136,0.0014469,0.59869,-0.72219,0.28091,-0.35235,-0.13315,-0.32965,-0.69775,-0.56135
-0.73492,-0.10216,-0.0062513,-0.61744,-0.30325,-0.54353,-0.62015,0.7101,4.0415,0.13586,-0.45124,0.5706,-0.13209,0.31832,-0.57938,-0.83357,-0.44815,-0.47739,0.15036,2.5483,0.48726,-0.67374,-1.9709,-1.1783,0.62007,-0.14148,-0.58912,-1.5431,0.84467,1.8004,-0.87969,0.2274,1.0488,-0.80265,-1.3674,0.072229,0.61715,0.15338,-1.142,0.39424,-1.3033,-0.1951,0.84586,-0.20287,-0.44936,-0.75834,0.64776,-0.21893,0.87063,-0.31155,-1.7936,0.27945,0.11413,-1.2284,-1.3871,0.40535,-1.3951,-0.46449,-0.94921,-1.0912,-0.85516
-0.87792,1.1899,-0.17721,-0.46257,0.10981,0.046403,-0.68338,0.96547,3.9549,0.38758,0.49728,0.097486,-0.28926,1.3632,-0.30226,-0.65515,-0.26585,-0.17195,0.59512,-0.055722,0.31983,0.066668,-2.0207,-0.69714,-0.6897,-0.83566,-1.0854,-0.87501,0.78047,3.8916,-0.81214,0.27261,0.72574,-1.0628,-0.57857,-0.79726,0.50767,1.0642,-0.50427,0.071723,-1.5694,-0.10053,1.1079,-0.28777,-0.53556,-1.2656,0.55314,-0.20694,-2.5283,0.23128,0.15055,4.1636,0.032822,0.31145,-0.61506,-0.38094,-0.74775,-0.11387,-0.079503,-0.85413,0.42312
-1.0949,2.2419,-0.45275,-0.082008,0.24177,-0.19933,-0.83523,1.6026,4.3514,1.0702,2.4781,-0.41062,1.4917,2.2063,0.4597,-0.73662,-1.1554,-0.28428,-0.42647,2.22,0.42831,1.2938,-2.9081,-0.85119,-0.24173,-0.89727,-0.43629,-1.7753,-0.049027,3.668,-0.22071,-0.0024549,0.32329,-0.58945,-1.0674,-0.18942,-0.087592,0.23571,-0.50299,-0.11162,-1.4368,-0.17778,-0.37968,-0.52689,-0.99125,-2.0757,-0.2708,-0.25349,-1.5734,0.13817,0.2504,3.6507,0.3457,0.63763,0.14822,1.576,-0.60237,-0.81168,0.96004,-0.64008,-0.66203
-0.23033,1.1603,-0.63461,1.4072,-0.6199,-0.65114,-0.84917,1.071,3.2713,0.81718,0.91401,-0.78354,3.2494,2.188,1.8988,0.6107,-0.90995,-0.36803,-2.5248,0.63858,1.8735,0.25283,-3.6169,-1.8984,-0.52546,-0.88917,-0.42706,-1.8363,-0.50547,1.8941,-1.2698,0.090328,-0.002851,-0.82923,-0.71981,-1.0008,2.025,-0.93921,-1.0908,-0.85441,-1.1315,-0.29155,-1.0662,-0.41717,-1.0452,-2.0005,-1.4576,-0.16403,-3.7132,-0.47149,3.6663,2.1604,0.73881,0.17804,-0.39558,3.046,-1.1715,-0.5621,-0.38586,-0.78179,-0.45632
-0.80796,0.75708,-0.76381,0.71865,-0.21569,-0.62884,-0.78901,0.78974,2.4961,0.33744,0.67273,-0.26449,3.6936,1.7907,1.4911,0.76991,-1.4694,-0.40902,-2.4246,-0.7693,1.5171,0.12073,-4.6655,-1.0433,-0.99237,0.45711,0.067618,-2.3025,-1.0062,-0.38649,-1.2601,-0.0042506,0.52591,-1.0003,-1.0849,-1.3512,2.1315,-0.85956,-1.4126,-0.97207,-1.3075,-0.39949,-0.28387,-0.53545,-0.062963,-1.4157,-1.1432,-0.004762,-5.6719,-0.9202,3.9429,1.7446,1.1444,-0.71767,-1.4406,4.8199,1.268,-0.83482,-0.33168,-1.1418,-0.66065
-0.70465,0.43907,-0.076858,0.49168,-0.20122,-1.0187,-0.64107,0.062613,1.298,0.34533,0.25307,0.051858,4.1033,2.1928,0.81958,0.84109,-1.6548,-0.29235,-2.4984,-1.5575,1.7076,-0.019298,-4.4824,-0.98323,-0.40435,-0.016106,0.12487,-2.0173,-1.1038,-1.6632,-1.0419,-0.082937,0.60795,-0.60264,-1.0707,-2.2688,0.88027,-1.4558,-1.0725,-0.9953,-2.7299,-0.26925,-0.075018,-0.46256,0.39882,-0.71499,-0.89412,-0.11659,-5.6678,-0.4919,2.4239,0.9765,0.98863,-1.7552,-0.3521,5.2582,0.45996,-1.0795,-0.28543,-1.2256,-1.641
-0.38031,-0.018545,-0.34342,0.67464,-0.30464,-0.77901,-0.54991,0.26921,1.032,-0.2824,-0.14532,-0.33319,0.99302,0.88732,-0.039496,1.224,0.34073,-0.27211,-2.1137,0.91655,1.5495,-0.084777,0.061576,-1.1813,0.18731,1.9233,-0.63454,-1.6827,0.60644,-0.17497,-1.1196,-0.58314,1.1849,-0.30191,-0.55254,-0.75056,0.81798,-0.68647,-0.55949,-0.92726,-1.8433,-0.33847,1.211,-0.30781,0.95612,0.46418,0.35061,-0.16013,0.84499,-0.12876,0.51519,0.37758,-0.19682,-1.8204,-0.079025,3.6846,-0.61109,-0.63558,0.29281,-0.74576,-0.98116
-0.48937,-0.10324,-0.32258,0.24807,0.088943,-0.7905,-0.47654,0.27661,1.1589,-0.52858,-0.11206,0.36267,0.04264,0.85076,-0.57059,0.74021,-0.030371,-0.11702,-0.59186,1.1507,0.77408,-0.053586,-1.0871,-0.80908,0.19665,1.4345,-0.61397,-2.0349,0.62912,-0.56773,-1.5816,-0.50384,1.78,-0.45684,-0.684,0.054349,0.076451,-0.26433,-0.72014,-0.74764,-0.81018,-0.3357,1.1355,-0.33467,0.60498,0.95357,0.45524,-0.20738,-0.87256,-0.12104,-0.39947,0.60106,-0.090605,-0.66816,-1.1499,2.9158,-0.293,-0.70707,0.29786,-0.71699,-0.62337
-0.79127,-0.49393,-0.31991,-0.24889,-0.4459,-1.2597,-0.33216,-0.080139,0.67342,-1.3206,-0.37153,1.7802,-0.82607,0.15196,-0.80718,0.19585,-0.054708,-0.11245,3.3159,0.18257,0.1129,-0.096832,-0.216,-0.94043,0.015984,2.3063,-1.3313,-1.6934,1.0659,-0.84226,-1.4303,-0.55235,1.4762,-0.30791,-1.4881,0.34401,0.60303,0.72506,-0.50775,-0.71006,-0.65624,-0.34609,1.434,-0.51122,1.4118,2.1148,0.71077,-0.1977,1.2089,0.008959,-1.0051,0.3045,-0.12783,-0.75862,-0.8215,1.4286,-0.674,-0.43542,0.73011,-0.43786,-0.62531
-0.75152,-0.59508,-0.65046,-0.33126,0.40071,-0.88321,-0.52478,0.24494,1.0661,-1.019,-0.63402,0.68501,-0.59609,-0.21219,-0.78397,0.0058812,0.0079665,-0.18936,2.4295,1.1966,-0.066535,-0.46268,-1.5865,-0.97827,-0.0046557,2.1261,-0.65225,-1.859,0.98802,0.31126,-1.6566,-0.62638,0.91359,-0.18824,-0.97867,0.0012544,0.14911,0.11897,-0.56763,0.0033037,-0.57861,-0.4377,1.2076,-0.25486,0.69321,1.2686,0.50999,-0.22045,2.0735,-0.14565,-0.55999,1.0043,-0.096845,-0.084813,-0.34889,1.2621,-0.30021,-0.20286,0.50798,-0.80301,-0.59949
-1.0276,-0.2552,-1.0667,-0.66711,-0.03245,-1.0773,-0.44403,0.65997,0.43246,-0.63251,-0.77473,0.66983,-0.18252,-0.10099,-0.81052,-0.035482,-0.042127,0.26426,1.9814,0.72618,-0.15399,-0.44701,-2.1784,-0.61865,2.1585,2.6102,-0.76418,-1.0179,1.6014,-0.82421,-1.1304,-0.66775,1.8427,-0.37544,-0.04637,-0.18847,0.044182,-0.11005,-0.14852,-0.54265,-0.57125,-0.40346,0.12801,-0.38455,0.76596,2.6151,-0.10376,-0.14935,4.0976,1.0144,-1.3783,1.2448,-0.23198,-0.67673,-0.19468,0.92569,-0.93589,-0.47023,-0.77033,-0.64748,-0.071148
-0.64204,-0.26966,-0.78842,-0.30407,-0.44409,-1.3632,-0.33862,0.93325,0.01957,0.65104,0.039606,0.53647,0.11533,-0.19526,-0.75153,-0.16968,0.99236,0.50592,1.6065,1.0288,0.046456,-0.1182,-1.3829,-0.23312,3.22,3.1957,0.67154,-0.65466,1.4813,-1.6035,-0.71483,-0.41393,2.8406,0.12518,0.56812,0.11134,0.55677,-0.21099,0.13475,-0.65252,-0.59093,-0.38134,-0.053665,-0.4953,1.2049,4.0471,0.071909,-0.2263,6.8174,1.5468,-1.8581,0.63154,-0.028997,-0.74468,0.31323,1.6058,-1.0229,-0.5949,0.21288,-0.68975,-0.35598
-1.0297,0.42694,-0.42592,-0.077653,-1.3695,-1.8087,-0.089834,0.66871,-0.033337,2.0578,1.1444,0.052901,-0.35082,-1.3064,-0.02723,0.39999,1.7585,0.57211,1.2666,1.2696,-0.34121,-0.061985,0.2903,0.80803,4.0751,0.89975,0.98989,-1.5027,2.0723,-0.35161,-1.2353,0.058575,2.8026,-0.048477,1.7432,-0.82363,0.5576,-0.32814,0.020281,-0.38996,-1.0853,0.087299,-0.15607,-0.073089,0.83921,5.6767,-0.12298,-0.34684,7.5573,1.3708,-2.4735,-0.47207,-0.26193,-0.73727,0.96891,0.88137,-1.9739,-0.6517,0.39012,-1.2806,-0.69781
-1.164,-0.010064,-0.60644,-0.28498,-1.1048,-1.4984,0.01436,0.86223,-0.2072,1.4004,0.73412,0.15252,-0.2072,-1.1053,-0.12821,0.16209,0.61235,0.30218,0.77991,1.1037,-0.34822,-0.11624,-0.31125,-0.19037,2.8948,1.3942,0.51317,-1.5703,1.5954,-0.44994,-0.93256,-0.10294,2.2094,0.25563,0.20785,-0.43429,0.41384,-0.28415,-0.14958,-0.90854,-1.6943,0.017434,-0.11899,-0.25386,1.0704,4.098,0.24819,-0.25197,6.0001,0.07756,-2.3771,-0.80337,0.30418,-0.93282,0.60516,0.97088,-2.0683,-0.89222,0.77644,-0.74158,-0.93579
-0.90801,-0.24558,-0.89585,-0.43891,-0.69179,-1.2986,-0.14694,1.1132,-0.097678,1.0735,-0.10334,-0.25734,0.0015294,-0.85264,-0.28036,0.23885,1.1149,0.46241,0.63579,1.4838,-0.37247,-0.44589,-0.87046,-0.14979,2.5703,1.5391,-0.12812,-1.5276,1.61,0.59663,-0.9921,-0.25378,2.4955,-0.070027,0.70065,-0.49283,-0.38167,-0.064511,0.046187,-0.69259,-1.6827,0.050351,-0.19086,-0.33248,0.53343,3.7175,-0.042221,-0.13387,7.7637,0.4153,-2.8729,0.6242,0.086617,-0.59711,0.7504,0.10227,-2.3818,-0.75006,-0.20618,-0.56213,-0.45627
-0.86201,-0.22118,-0.29384,-0.52847,-0.94511,-1.5155,-0.13484,0.62833,-0.022996,0.79127,-0.089167,-0.36132,-0.54589,-1.0809,-0.14983,0.072237,0.80172,0.45609,-0.27541,0.49258,-0.35395,-0.2624,-1.2996,0.50079,3.1103,1.4118,0.66694,-1.0762,0.87455,-1.1277,-0.73309,-0.19353,2.9933,-0.65918,0.89553,-0.18854,-0.33452,-0.45421,0.34853,-1.1209,-1.1779,-0.0029117,-0.060924,-0.28805,0.70474,3.5599,0.21625,-0.27787,6.8694,0.60616,-2.2609,-0.56588,-0.2007,-0.51377,0.14173,0.19852,-1.9209,-0.54509,-0.52771,-0.48959,-0.52426
-0.96368,-0.28533,-0.83146,-0.42946,-0.10521,-1.2267,-0.43344,1.167,-0.10651,0.5145,-0.33026,-0.71944,0.49445,2.1098,-0.60424,-0.31008,-0.11707,0.27576,-0.65562,0.71429,-0.44856,-0.53678,-1.9944,-0.49868,1.1349,0.70142,-0.37377,-1.0368,0.19538,2.4188,-0.9318,-0.23254,1.0843,0.51401,-0.32083,-0.78136,-0.74175,0.025985,-0.10135,-0.90725,-1.7917,-0.21891,-0.41984,-0.22454,-0.25648,1.1074,-0.18295,-0.1326,0.76923,0.31073,-2.0114,1.5662,0.1625,-0.45775,0.69644,0.16781,-1.7401,0.09592,-0.092709,0.11882,-0.23728
-1.1055,-0.081172,-0.8059,-0.90457,-0.29208,-1.3281,-0.63038,1.0963,3.911,0.039639,-0.12106,-0.73298,0.32547,2.9321,-1.0406,-0.86858,-0.33028,-0.23874,-0.27328,0.24874,-0.48371,-0.60996,1.8429,-0.48448,-0.58134,0.016527,-0.81534,0.94101,-0.24042,5.5066,0.084474,-0.3392,-0.041446,1.5873,-1.1632,-0.56535,-0.47096,-0.25216,-0.11774,-0.20215,-1.1823,-0.48048,0.0050223,0.15155,0.60223,0.54834,-0.2248,0.87373,1.5008,0.098396,-1.3733,4.0193,-0.0021126,-0.55434,0.32671,-1.2093,-0.58711,0.46189,0.95528,-0.49665,-0.26489
-1.0284,0.13145,-0.50279,-0.77344,-0.53582,-1.8363,-0.47052,0.78175,5.3388,0.35938,0.17887,-0.61769,0.93575,3.5921,-1.2573,-0.36492,0.32732,-0.21579,-0.98012,1.9663,-0.39165,-0.26501,1.5769,-1.0003,-0.51046,0.30984,-0.72785,4.0047,-0.87753,7.7038,1.777,-0.35107,-0.58674,1.6131,-1.4839,-1.2942,-0.89532,-0.052319,0.7333,0.19338,-1.4243,-0.1186,0.29595,0.31783,0.91466,0.65498,-0.2355,0.067462,0.19032,0.27368,-0.45602,4.8133,-0.1295,-0.29346,-0.32255,-0.72952,0.17571,0.34225,1.8779,-0.57038,-0.53898
-1.0479,0.091599,-0.41138,-0.8931,-0.72849,-1.6874,-0.14559,0.6646,5.8727,-0.03516,0.51966,-0.25272,0.75801,3.3444,-1.3257,-0.50026,-0.22818,-0.051164,0.50558,2.915,-0.56818,0.41257,0.55062,-0.57824,-0.22128,0.24708,-0.11444,2.0162,-0.75427,6.4364,1.4568,-0.38942,0.19105,0.57604,-1.3069,-0.12821,-1.2226,0.20217,0.37353,1.6459,-0.34482,-0.21003,-0.32474,0.06049,-0.36938,0.87273,-0.0077669,-0.40392,-0.20977,0.048525,0.081231,3.3819,0.29056,-0.39486,-0.36131,0.42816,0.4778,0.17609,1.5174,-0.33255,-0.91078
-1.1354,-0.18272,-0.93927,-0.74105,-0.65145,-1.4295,-0.40297,1.048,4.8301,-0.31915,0.23319,-0.91654,0.85286,2.8505,-1.13,-0.74466,-0.34892,-0.17211,-0.25014,1.7366,-0.16915,0.072239,-0.048565,-0.96489,0.16402,1.0118,-0.82244,1.6095,-0.63984,4.7063,0.30623,-0.24325,0.22777,-0.99762,-1.1049,0.78392,-0.71201,2.0005,0.36838,0.83306,0.75815,-0.32639,0.07279,-0.37228,-1.1405,-0.11335,-0.12065,-0.39065,0.12784,0.17931,0.60167,3.0464,0.40991,-0.46684,-1.0592,1.3457,0.31099,-0.025053,-1.7566,-0.2007,-0.52848
-0.64687,-0.32218,-0.58714,-0.6679,1.0776,-0.94949,-0.44817,0.23035,4.0874,-0.18062,-0.14884,-0.27628,1.6208,4.0498,-0.71115,-0.90776,-0.30081,-0.23928,1.2124,2.132,-0.67186,-0.12461,0.23543,-1.1265,-0.39769,0.48063,-0.66931,1.1279,-0.47122,6.9337,1.0006,-0.29936,-0.24436,0.65897,-1.3097,-0.9311,-0.49148,1.3727,0.64069,1.7988,-1.241,-0.42655,-0.93868,0.49248,0.25973,-0.48307,-0.41104,-0.33483,-0.052034,-0.2602,1.6796,2.8236,-0.2594,1.1725,0.37993,0.30527,-0.3225,0.019999,0.16878,0.3438,-1.1187
5.5164,-0.32265,-0.77694,-0.025969,1.9506,-0.89284,-0.80688,0.97727,5.4282,0.82716,-0.45484,-1.3464,0.47456,2.7402,-0.0062524,-1.0362,-0.098543,-0.11641,0.29843,2.1615,-0.69419,-0.54311,0.061574,-0.14916,-0.34834,1.4681,0.19818,0.81251,-0.49829,7.0121,0.88674,-0.50638,-0.21837,0.11237,-0.77598,0.30416,-0.96553,0.86471,-0.073133,1.1434,0.076246,-0.59086,-0.95617,-0.43781,0.080424,-1.7523,-1.1255,-0.20712,0.49864,0.059795,3.1165,3.5433,-0.10745,1.3051,-0.55058,-0.25768,-0.021815,0.3479,1.5019,0.4469,-0.70612
5.6539,0.73334,-0.29614,0.0074051,0.39259,-1.327,-0.53,1.9419,3.6628,0.78798,-0.15526,-0.98773,1.8674,2.0991,-0.1252,-0.73472,0.014857,0.60219,0.659,8.5798,-0.050184,-0.1415,2.4432,0.28735,2.4526,1.1566,2.1041,0.32615,0.49107,3.6763,1.7481,-0.37334,2.8335,1.0626,1.1017,-0.85509,-0.2241,0.67839,1.9771,1.0326,-1.64,-0.42981,-0.71093,-1.1959,0.22543,0.92801,-1.1845,-0.28553,1.1543,0.78426,1.7331,2.9079,-0.077964,-1.001,0.71623,-0.49599,-0.57039,-0.0061712,-0.41546,0.25088,-0.61161
4.0299,0.86617,0.064335,-0.0022402,-0.56497,-1.4063,-0.08173,1.5178,2.8365,0.70269,0.038246,-0.72132,1.1651,-1.6954,-0.19067,-0.96558,0.5828,0.6517,1.8308,13.085,0.16847,0.30142,2.0578,1.6736,4.1447,1.8096,4.2108,-0.36627,1.7939,4.6148,1.7807,-0.43894,2.7354,2.3764,1.8344,-1.1094,0.61213,-0.25286,1.2585,1.5025,1.2179,-0.61853,-0.66193,-0.38715,0.025081,1.8865,-1.8241,-0.30969,1.032,1.0752,1.9759,1.9648,0.20855,-1.0063,0.51015,-1.7214,1.1374,-0.034386,-0.79333,-1.1103,-0.28539
2.3866,0.34294,0.35893,0.27371,-0.26492,-0.91782,-0.50951,0.78072,2.0223,0.22622,-0.17388,-0.34018,0.37965,1.641,0.40987,-1.0594,0.57281,-0.1464,0.32426,6.6208,-0.23717,-0.13758,0.81763,0.19179,1.6805,2.3089,0.52341,-0.78783,0.6468,2.2821,0.49732,-0.27907,0.067322,-0.081915,-0.41348,0.71335,0.097617,-0.21648,-0.50782,0.14827,2.9672,-0.59195,1.0325,-0.54008,0.1756,0.37147,-0.68534,-0.39314,0.20838,0.40025,0.68876,-0.27252,-0.2659,-1.1051,-0.71351,0.26827,0.40226,0.2122,0.77966,-0.99603,-0.67345
1.5424,0.30192,-0.54904,-0.093671,0.35069,-1.1504,-0.62803,1.0946,2.4692,0.52164,-0.74978,-0.64178,1.5404,3.5971,0.35223,-1.1652,1.1204,0.038471,0.091761,4.2819,-0.11278,-0.44084,1.6432,-0.51487,0.86364,1.7526,-0.18305,-0.11701,0.55887,6.192,0.7289,-0.18336,0.3245,-0.3716,0.12278,0.33527,0.061862,0.68041,0.034026,0.12536,0.67648,-0.43712,0.69174,-0.50232,-0.5751,0.40868,-0.45188,-0.26619,-0.86723,0.67301,0.98188,2.0209,-0.21033,-0.39354,-0.17981,0.20091,-0.66235,0.4082,-0.32591,-0.82417,-0.36545
1.3657,0.46244,-0.50204,-0.35209,1.5814,-0.93659,-0.31291,0.83242,2.8305,0.12835,-0.21837,-0.51262,1.2577,1.7472,0.0071996,-1.3341,2.0333,-0.2095,1.4524,3.1738,-0.45313,0.18612,1.7158,0.53299,-0.57538,0.77147,0.26438,-0.60647,0.060348,9.9819,-0.39927,-0.40447,-1.142,1.5177,0.034638,-0.3157,-0.14799,0.35765,-0.71446,1.3464,0.099107,-0.69043,0.72827,-0.44939,-0.38028,0.67343,-0.49484,-0.22932,-1.3095,0.44971,2.3927,2.5725,0.14928,0.68428,0.004315,0.64016,-0.45211,0.14492,2.0574,-1.0013,-0.3093
0.75428,0.25656,-0.26317,-0.63431,2.2376,-0.93664,-0.47915,1.0346,2.224,-0.41694,-0.074728,-0.62347,1.1756,0.48966,-0.2927,-0.95984,0.12657,0.01835,1.4809,4.6132,-0.75848,0.034144,0.98405,-0.18422,1.0677,0.32523,0.76559,0.56267,0.55953,8.9688,1.5548,-0.34752,0.70583,0.83256,0.09347,-0.67843,-0.95413,0.18584,0.29009,0.60721,-1.4252,-0.50085,-0.74573,-0.76788,-0.26408,0.12083,-0.95322,-0.18796,-1.0028,0.3212,0.29257,2.5486,-0.083536,1.0582,-0.11237,1.2262,-0.59675,0.21164,0.85406,-0.45104,-0.28761
0.27541,-0.25492,-0.18206,-0.80552,1.6498,-1.1122,-0.38271,1.0125,1.5189,-0.86204,-0.6471,-0.92238,0.7477,0.30513,-0.66727,-1.0064,-0.50983,0.12516,1.366,4.4845,-0.66953,-0.23718,0.42912,-0.9193,2.4269,-0.31325,0.55461,1.0014,0.5311,9.0188,3.4301,-0.30369,1.5889,0.5736,-0.64295,-2.0945,-1.2509,0.39176,1.0993,0.65317,-2.7493,-0.52517,-1.596,-0.13746,-0.66875,-0.48423,-1.1069,-0.14797,-2.0748,0.46145,-0.52347,2.0811,-0.14234,0.51419,0.13946,0.79567,-1.556,0.30414,-0.99092,-0.48674,-0.33623
0.33607,-0.55018,-0.0047648,-0.43281,1.3077,-0.77455,-0.31157,0.54872,1.0943,-1.0488,-0.49813,-1.3337,0.68605,0.55334,-0.44819,-0.72093,-0.61699,0.06062,0.90881,3.8801,-0.7092,-0.040519,0.047947,-1.1709,1.9419,-0.46302,0.071306,0.070034,0.47664,6.7253,2.4619,-0.21944,1.8733,-0.63009,-0.21043,-1.2022,-0.6964,0.49021,0.31804,0.45221,-0.68419,-0.31027,-1.7497,-0.13684,-1.1115,-1.5504,-1.257,-0.29585,-0.41439,-0.016795,1.1431,1.5811,-0.18751,1.0105,-0.039079,0.61515,0.57315,0.85855,-2.1961,-1.1354,0.23305
0.24716,-0.9252,-0.32203,-0.093721,1.8376,-0.90326,-0.58512,0.95911,0.73022,-0.8198,-1.1805,-0.88793,0.99908,1.378,-0.46316,-0.88114,-0.40779,0.18185,0.20803,-0.22639,-0.78282,-0.45952,-0.96428,-0.91092,0.016636,-1.0183,-1.2657,0.76037,0.39341,4.5424,1.5355,-0.022006,0.38218,-0.86422,-0.27716,-0.59798,-0.87283,0.56784,0.085156,0.11414,-1.5448,-0.40928,-2.3501,-0.17163,-0.9257,-1.819,-0.47388,-0.35076,-2.6589,-0.11545,1.4641,2.4875,0.097128,1.1976,-0.14269,1.4552,2.3359,1.413,-0.9453,-0.6007,1.1465
-0.066054,2.2841,-0.47936,-0.42355,0.94482,-0.99326,-0.85968,0.86814,0.44611,-0.38335,3.0324,-0.66166,0.38115,1.4455,0.52477,-0.99179,-0.11043,0.10597,0.60474,2.2098,-0.42109,2.3906,1.5021,-0.0046575,0.82939,0.7845,0.60926,0.8247,0.49179,6.4982,1.0124,-0.27818,1.1884,-0.15474,-0.16262,0.025909,-0.51152,0.73872,-0.012873,-0.046881,-1.0711,-0.45764,-0.76156,-0.93986,-1.0988,-1.0577,-0.61821,-0.30743,0.34492,-0.0093544,0.94034,2.0944,0.14799,0.29226,-0.39959,2.4406,-0.11335,0.63075,1.185,-0.2753,0.22368
-0.44112,2.2197,-0.56252,-0.27299,0.076484,-1.0303,-0.83581,0.46009,0.074405,-0.79518,3.1284,-0.70973,0.29694,0.47347,0.22149,-0.83224,-0.44679,0.19215,-0.082521,4.2716,0.30994,2.2904,2.1215,-0.20349,1.6405,0.62632,0.50974,0.50062,0.91245,4.0116,0.51668,-0.54945,2.0209,-0.25708,0.23244,-0.042855,-0.83577,0.30888,0.10691,-0.44066,-0.3744,-0.50906,-0.46531,-0.89252,-0.76292,-0.37469,-0.64654,-0.29646,1.6715,0.30475,-0.42096,0.79351,-0.15978,-0.52305,-0.43296,1.663,-0.097629,0.3289,0.26583,-0.1642,0.042761
-0.32055,1.5922,-0.15488,-0.31327,0.37538,-1.3735,-0.69853,0.17812,0.57495,-0.34311,1.8922,-0.64921,1.0878,0.70709,-0.26315,-1.0029,-0.042558,-0.026077,-0.47653,4.1958,0.20665,1.4135,2.8831,-0.54058,1.0231,1.0995,0.0085771,-0.23587,0.18093,4.5245,-0.37591,-0.56536,1.0954,0.46434,-0.7229,-0.081242,-0.39624,-0.19515,-0.17113,-0.51575,-0.33277,-0.60141,-0.68668,-0.57491,-0.75891,-0.21282,-0.48222,-0.18678,2.1793,-0.27225,0.34035,1.8725,0.082181,0.3482,0.26069,1.5548,-0.20055,0.35239,-0.051944,0.064428,-0.52335
-0.55111,1.297,-0.35248,-0.12266,0.32221,-0.9937,-0.7864,1.1844,0.12119,-0.07265,1.2649,-1.3713,1.8895,2.998,-0.36753,-1.1816,-0.13075,-0.013995,-0.22989,5.8159,0.13657,0.92819,1.9358,-0.7031,0.64074,0.029784,0.24126,-0.7984,-0.047201,7.5652,0.34234,-0.65009,0.81283,0.65678,-0.17853,-0.82846,-0.74085,0.29311,0.092691,0.061165,-1.3469,-0.68421,-2.2589,-0.43501,-0.88846,-0.9694,-1.4204,1.2613,0.82406,-0.2558,1.0445,3.9413,-0.071766,0.3385,1.6395,0.88793,1.7964,0.1687,1.4022,0.28087,-0.67243
-0.19776,0.54096,-0.35641,0.40004,0.11202,0.21618,-0.65314,0.17871,-0.060931,-1.1079,0.59714,-1.2295,0.67212,0.58022,0.47504,-0.991,-0.63657,0.020389,-0.42606,7.2653,-0.26521,0.21355,-0.48239,-0.024436,4.0336,4.8321,0.75353,-1.1406,0.358,1.626,0.42194,-0.87262,3.2535,0.76206,-0.30535,0.28144,-0.37582,0.14096,0.34337,0.49165,-0.51407,-0.79393,-1.1127,-0.45868,-0.049827,0.19947,-0.51446,0.62775,9.4193,-0.093592,-0.24818,0.64058,-0.32946,-0.47143,0.60933,-0.86977,0.30255,-0.19565,0.9599,0.62772,-1.1139
-0.45542,0.15417,-0.39065,0.16097,-0.3036,-0.44677,-0.49528,-0.25778,0.069578,-0.91073,0.079058,-0.8211,-0.18123,0.054258,0.42093,-0.73854,-0.68057,0.12988,-0.59656,4.0007,-0.11345,0.1364,1.0605,-0.17895,3.4327,4.6192,-0.50899,-1.1202,0.71143,0.011601,-0.074287,-0.49029,2.594,-0.68798,-0.33954,0.31906,-0.10244,-0.27696,0.053274,0.23926,0.23792,-0.49656,0.077244,-0.29329,0.64539,1.8355,-0.1432,-0.14347,9.2786,0.1949,-0.28408,0.67918,-0.0093475,-0.26732,-0.33129,-0.21263,0.062454,-0.34901,-1.1191,0.064696,-0.71273
-0.48463,-0.10922,-0.20066,0.039381,-0.65247,-0.61762,-0.56261,-0.43415,-0.51651,-1.0981,0.11873,-0.44316,-0.13192,0.77715,-0.26192,-0.70876,-0.402,0.17208,-0.091592,2.509,0.053176,0.073228,1.039,-0.71453,2.7405,3.641,0.14772,-0.78185,1.0373,-1.114,0.13358,-0.50807,0.6517,-0.50162,-0.41667,0.39654,-0.16912,-0.58332,0.043777,-0.042539,-0.74875,-0.51494,0.12069,-0.47036,0.53741,2.2419,-0.027426,-0.24015,10.986,0.10674,-1.8454,-0.457,-0.22666,-0.74963,0.4642,0.93465,-1.1855,-0.42441,-0.72267,-0.083171,-0.50881
-0.67106,-0.16552,-0.31404,-0.3392,-0.50747,-0.14104,-0.51572,-0.42642,-0.61451,-0.98227,-0.19937,-0.45324,-0.038306,1.2146,-0.69394,-0.38468,-0.5849,-0.0026101,-0.29116,2.9061,0.026567,-0.062281,-0.73895,-0.40479,3.4587,2.7371,-0.015347,-1.3045,1.0078,-0.21235,-0.56053,-0.24718,1.5586,-0.40726,-0.20751,-0.079074,-0.73243,-0.70437,-0.38342,-0.25897,-0.9873,-0.44861,0.39758,-0.15673,0.019484,1.1719,0.51627,-0.26795,6.4615,0.060199,-1.7673,-0.97341,-0.099367,-0.6666,-0.20523,0.80235,-1.6135,-0.25598,-0.58615,-0.026186,-0.89795
-0.70653,-0.75356,-0.32437,-0.48831,-1.01,-0.80306,-0.29335,-0.27345,-0.53537,-1.3379,-0.48945,-0.75496,-0.60856,0.20026,-0.86171,-0.31982,-1.2554,0.0344,-0.24899,1.9232,-0.12004,-0.046821,-0.58828,0.74462,5.1674,3.0266,0.15511,-2.1283,1.5182,-2.412,-1.1157,-0.20218,0.87587,-0.14403,-0.40939,0.18095,0.25059,-0.99061,-0.59279,-0.004518,-1.4768,-0.49358,-0.79565,0.12512,1.2305,1.917,-0.30808,-0.12071,5.8663,-0.37008,-2.7133,-2.2281,-0.36638,-0.63678,-0.21749,0.74755,-2.6919,-0.49011,-0.34029,0.45755,-2.279
-0.67028,-1.2434,-0.022241,-0.39177,-0.58778,-0.65042,-0.60605,0.32934,-0.25425,-1.6586,-0.60877,-0.45549,-0.5426,0.43492,-0.60539,-0.4338,-0.6483,-0.40617,-0.79067,-0.85667,-0.24043,-0.25851,-0.68728,-0.75401,0.84925,1.4055,-0.97185,-0.23205,0.75974,-1.2306,-0.99268,0.016821,-0.21295,-1.3768,-0.64355,0.52184,0.49716,0.092325,-0.82194,-0.33831,-1.3053,-0.22544,0.64263,-0.3112,0.050111,-0.37016,0.0022432,-0.35058,0.11818,-0.74214,-0.95397,-1.0346,-0.10894,0.0089495,-1.1924,1.0223,-1.5238,0.19982,-2.3188,-0.31729,-0.31213
-0.79694,-0.60756,-0.71985,-0.41187,-0.12918,-0.34705,-0.66969,1.1031,-0.07237,-0.55243,-0.71373,-1.1429,0.17155,2.9315,-0.64674,-0.86985,-0.0016229,-0.2554,-0.57131,1.7109,-0.3262,-0.33932,-0.48955,-0.79342,0.5475,-0.47546,-0.32253,0.50677,0.17278,0.2627,-0.21813,-0.13672,0.92598,-0.34777,-0.34777,-0.56963,-0.86577,0.3051,-0.40888,0.012691,-0.94997,-0.38581,-1.1499,-0.25615,-0.36259,-1.3246,-0.5272,-0.32332,-0.75181,-0.24389,0.31729,0.90952,0.0064901,0.87881,0.77992,1.5039,-0.14294,0.16683,-1.991,-0.51056,-0.51345
-0.71991,-0.19945,-0.23942,-0.66338,-0.17446,-0.77522,-0.64961,1.1308,0.087656,-0.8359,-0.25581,-0.34923,-0.090594,1.9451,-0.24734,-1.1448,-0.21701,-0.14926,1.63,3.3903,-0.15849,-0.14254,0.84567,0.25207,0.90825,1.471,0.093002,-0.52412,0.27598,0.7996,-0.44444,0.26832,0.28751,0.92696,-0.80259,0.44426,-0.031108,-0.082299,-1.0853,1.225,0.31495,-0.66392,-0.56564,-0.35054,0.69347,0.6981,-0.23138,-0.22104,2.3286,-0.3775,0.58961,0.25874,-0.12525,0.20152,0.65102,0.57234,0.87165,-0.46749,0.48693,-0.13586,-1.2532
-0.82886,-0.25134,-0.48405,-0.66808,0.020213,-0.86021,-0.56358,0.64656,-0.047425,-0.70154,-0.21926,-0.39885,-0.086226,2.3203,-0.11853,-0.86393,0.356,-0.023499,1.3043,1.5614,-0.043234,-0.10117,1.1659,-0.31892,1.3108,1.9574,-0.29348,-0.65622,0.57263,-0.13927,-0.42154,-0.010513,0.99336,-0.50959,-0.43393,0.52401,0.010178,-0.023512,-0.47656,0.57967,0.38741,-0.4699,-0.093293,-0.50369,0.17762,1.1059,-0.086879,-0.21297,3.8654,-0.10146,0.056485,0.05798,-0.22163,0.05917,0.57061,-0.42501,0.1407,-0.032409,-0.85779,-0.15172,-0.89488
-0.62064,-0.23544,-0.33824,-0.34407,0.090348,-1.354,-0.72751,0.69641,-0.70256,-0.044463,-0.527,-1.4075,0.81769,3.2745,-0.439,-0.94832,0.034443,0.078921,-0.15335,1.3209,-0.25785,-0.4231,-1.123,-1.0546,0.38593,1.5125,-0.78404,-0.077667,0.13771,2.897,-0.86461,-0.16202,0.38107,-0.27044,-0.85359,-0.49154,-0.18615,0.29749,-0.41262,-0.32748,-0.68951,-0.63687,-0.6708,-0.75319,-0.48583,-1.5239,-0.29108,-0.20026,0.43116,0.079315,0.57708,0.94604,0.055219,-0.48884,0.18512,0.73209,-0.29246,0.66868,-0.691,0.12654,-0.2219
-0.57317,-0.2602,-0.65124,-0.26053,0.99613,-0.60192,-0.62111,0.73809,-0.88662,0.50299,-0.75782,-1.6036,0.43049,2.7497,-0.7225,-1.1056,0.25491,0.1197,-0.434,3.2692,-0.19263,-0.50467,-0.77801,-1.1184,1.2229,2.1406,-0.011739,0.15952,0.73205,2.9384,-1.0682,-0.35076,0.59126,-0.41194,-0.54897,-0.80383,-0.34985,0.17704,-0.47899,-0.3838,-1.2482,-0.62768,-0.037515,-0.59685,-0.64157,-0.65849,0.14409,-0.18275,1.0567,0.13486,-0.40868,0.36431,0.08575,-0.75816,-0.16564,1.1839,-1.0568,0.17446,-1.3716,-0.034088,-0.28678
-0.72716,-0.32773,-0.82615,-0.27572,1.1804,0.33886,-0.5611,0.18779,-0.27203,0.033746,-0.69295,-1.3026,0.57337,4.2974,-0.63835,-0.91926,0.55652,-0.02245,-0.42881,2.2947,-0.093787,-0.35863,-0.12145,-1.3116,0.59002,0.71453,-0.64085,1.011,0.66011,2.3773,-1.4221,-0.30897,0.41517,-1.3151,-0.86967,-1.6154,0.093342,0.1761,-0.28139,-0.26448,-1.4417,-0.6054,-0.83267,-0.4594,-1.1614,-0.84449,-0.49586,-0.16193,1.2184,0.21484,0.56699,1.3255,-0.12866,-0.15662,0.37832,-0.24342,-0.74101,0.66206,-2.261,-0.66677,-0.50117
-0.55285,2.9294,1.011,0.49742,-0.15002,-0.25445,-0.75099,0.12301,-1.128,6.902,-0.036561,-0.23104,1.4842,3.8471,-0.19603,-1.0988,0.050304,-0.063035,-1.1042,1.6119,0.38141,-0.20252,1.0062,-0.63238,-0.23728,0.90923,-0.47293,0.71863,0.5506,1.4937,-1.5168,-0.24786,0.11369,-0.4953,-0.653,-0.92931,-0.22783,0.62664,-0.33973,-1.0609,-1.6308,-0.59831,0.77533,-0.79809,-0.59304,-0.27303,-0.16091,-0.27698,1.3056,-0.020702,-0.73855,0.38774,0.098445,-1.0454,0.11349,1.6193,-1.3812,0.53358,0.57259,-0.41731,-0.22705
-0.36293,3.1369,0.54711,-0.051882,-0.04577,-0.53763,-0.65713,0.21199,-0.92655,8.199,0.068137,-0.051603,1.0432,3.5795,-0.33749,-1.1467,-0.029006,-0.053154,-0.88175,2.0566,0.1869,-0.14952,0.67502,-0.60903,0.74348,0.40514,-0.57637,0.41872,1.0211,1.5199,-1.3269,-0.15711,0.53739,-0.57491,-0.16851,-1.0771,-0.7725,0.81776,0.016581,-0.8076,-1.1838,-0.64255,-0.26865,-0.34478,-0.35795,0.36708,-0.61215,-0.237,0.98442,-0.44184,-0.85256,1.9624,0.01606,-0.74351,-0.051879,0.46865,-0.83523,0.10057,-0.3461,-0.10314,-0.54756
-0.7423,1.8015,0.0054193,-0.39152,0.039663,0.1895,-0.64496,0.47333,-0.11207,4.9439,-0.33771,-0.33516,0.80187,2.4346,-0.50062,-0.84689,0.036193,-0.10298,-0.52979,0.73483,-0.18252,-0.33292,0.3115,-0.72968,-0.15636,-0.033567,-0.70546,0.55565,0.22104,0.88224,-1.6488,0.051399,0.00086387,-0.68906,-0.59293,-0.57997,-0.49679,0.068369,0.033073,-0.64655,-0.29369,-0.46959,-0.75231,-0.35787,-0.87608,-0.30518,-1.184,-0.19288,0.080862,-0.085254,0.25867,3.3137,-0.05879,0.0040279,-0.13664,-0.70346,-0.1721,0.38272,-0.88313,-0.17168,0.13478
-0.82886,1.1089,-0.53142,-0.60355,-0.32145,2.0871,-0.68253,0.62261,-0.2121,4.6088,-1.1724,-0.3315,0.19212,1.2354,-1.016,-0.70249,-0.22353,-0.027317,0.11096,1.2007,-0.066127,-0.69528,0.518,-0.19236,0.070594,0.82655,-0.11178,-1.0327,0.43564,1.9277,-1.898,-0.014209,0.77641,-0.28548,-0.4886,-0.50055,-0.13512,-0.3311,0.1843,0.1579,0.10522,-0.4234,-1.1124,-0.33154,-1.1588,0.054186,-1.233,-0.11306,0.86964,-0.59496,0.48572,3.1053,-0.33166,0.51727,-0.062628,-0.74579,-0.051428,0.30773,-0.45685,0.35266,0.33767
-0.83397,0.58538,-0.81958,-0.58999,-0.32234,1.6232,-0.41073,0.56834,-0.32011,3.07,-1.1424,-0.67731,1.5508,3.215,-0.71411,-0.80655,-0.024004,-0.13019,0.46255,0.90323,0.0044258,-0.44881,1.1569,-0.22664,-0.14413,-0.37309,-0.95078,-0.95003,0.63815,2.8949,-0.79369,-0.092373,-0.041211,-0.32397,0.14565,-1.1842,-0.29585,0.029192,0.54612,0.66967,-1.4107,-0.49774,-1.3746,0.061713,-0.57015,-0.30856,-0.93829,-0.22805,0.67303,-0.23399,0.68901,4.8675,-0.21727,0.42837,0.95833,-1.2612,-0.026909,0.13033,-0.082126,0.11357,-0.26985
-0.62895,1.3356,-0.14749,-0.5764,-0.21176,1.4869,-0.54691,0.015349,-0.26505,3.8235,-0.61582,0.052642,1.2635,1.255,-0.29205,-0.72947,-0.12844,0.24838,0.54301,2.1021,-0.11673,-0.20459,1.4379,0.89815,0.63944,0.88541,0.9565,-1.3654,0.022001,2.5154,-0.41846,0.043655,1.2924,0.41478,0.045632,-1.1908,-0.82858,0.31855,0.37768,0.13956,-2.0667,-0.52094,-0.72147,-0.30738,-0.89983,0.62058,-0.80967,-0.20384,1.3598,-0.4892,-2.1126,3.6059,-0.47962,0.27629,-0.075988,-1.4993,-1.9183,0.16776,1.3774,1.6614,1.1625
-0.57961,0.54653,-0.5335,-0.40133,0.033473,0.91458,-0.69235,-0.012383,-0.32933,2.3088,-0.77619,-0.38397,0.72097,2.8594,-0.34477,-0.64267,-0.13555,-0.054687,-0.14877,2.0013,-0.31724,-0.4235,-0.56253,0.19313,0.20435,0.97104,-0.63438,-1.2624,-0.10656,1.4654,-0.89566,0.026498,1.1842,0.020226,-0.53519,-0.41655,-0.51572,0.4203,-0.15711,-0.21404,-1.1095,-0.50174,-0.30034,-0.44623,-0.91367,-0.14148,-0.13767,-0.11167,1.8497,-0.66603,-0.58784,2.4044,-0.53157,0.28858,-0.18427,-0.45485,-1.0795,0.48968,0.18248,1.5627,0.44205
-0.58568,0.22465,-0.39645,-0.27296,-0.15023,0.51974,-0.45989,0.0257,-0.37601,1.4185,-0.99302,-0.46255,0.048308,1.3409,-0.73152,-0.56595,-0.075026,-0.060974,-0.25314,1.4753,-0.41855,-0.33484,-0.44854,-0.14512,1.1042,2.6939,-0.26251,-0.52473,1.1072,1.0588,1.2981,-0.13635,1.1021,-0.4976,0.26454,-0.54471,-0.35889,0.39715,0.98104,-0.13793,-1.2248,-0.34725,0.22435,-0.33376,0.21721,1.3034,-1.1533,-0.1367,5.0107,-0.101,-1.2709,2.6511,-0.21566,0.026785,-1.0633,-0.99657,-1.0011,0.011466,-0.76037,0.054883,0.46207
-0.66085,0.27758,-0.25619,-0.5477,-0.73002,0.080684,-0.43287,-0.26347,-0.56169,1.4041,-1.0024,-0.3871,0.094739,0.55593,-0.5281,-0.59645,-0.13039,0.27548,-0.33495,1.1016,-0.39783,-0.29695,-0.59044,0.31446,2.9852,1.7306,0.83479,-0.11232,0.37421,0.20461,1.9001,-0.079442,1.5917,-0.55229,0.79918,-1.1886,-0.66998,0.03859,1.5506,-0.42901,-1.6051,-0.31189,0.25374,-0.37622,0.052669,1.7883,-1.2013,-0.19535,4.6378,0.47669,-2.1554,1.1693,-0.16358,0.10939,-1.1751,-1.2075,-1.5702,-0.54918,-1.116,-0.14896,0.48408
-0.70619,-0.008179,-0.40952,0.068306,-0.98774,-0.3141,-0.38943,0.040753,-0.79339,1.0152,-1.2381,-0.68801,0.050812,-0.1507,-0.6774,-0.55967,-0.64472,0.25531,-0.48171,0.56037,-0.41998,-0.53367,-0.4717,-0.16748,2.2175,1.4786,0.11994,-0.42545,-0.17936,-0.20696,1.0516,-0.053533,2.1155,-0.24953,0.50841,-1.1215,-0.28775,-0.23873,1.4744,-0.51314,-1.648,-0.31511,0.16436,-0.034602,0.12999,2.3216,-1.0047,-0.15439,5.0025,0.37024,-1.9617,1.1756,-0.067073,-0.74631,-0.26695,-1.547,-1.665,-0.37177,-0.39764,-0.21827,0.64977
-0.78859,-0.17202,0.071478,0.64324,-1.1418,-0.62772,-0.35706,0.035626,-0.68174,0.93546,-1.1338,-1.012,0.36905,-0.34567,-0.75031,-0.42752,-0.65223,0.28937,-1.0484,0.82795,-0.083039,-0.37851,0.31168,0.14325,3.1459,1.8316,1.2625,-0.96681,0.84102,-0.34168,1.108,-0.16885,1.8782,-0.70005,0.53568,-0.8988,-0.19851,-0.27559,0.81842,-0.68749,-1.7202,-0.30207,0.035079,-0.10242,0.37562,1.9452,-1.0362,-0.19295,3.5349,0.36028,-2.1253,-0.13566,-0.092361,-0.54161,-0.52038,-0.30517,-1.9815,-0.58726,-1.1298,-0.35501,-0.0080893
-0.92925,-0.95653,0.16193,-0.28808,-1.4226,-0.98947,-0.51278,-0.20917,-0.80825,-0.69388,-1.1017,-0.63363,-0.21077,-0.33143,-1.0708,-0.26461,-1.2247,-0.20231,-0.88882,-0.99631,0.0093899,-0.5246,-2.7458,-0.33002,2.9519,1.6771,-0.073864,-1.2644,0.48903,-2.1811,0.45437,0.20646,-0.90921,-0.49474,-0.70837,-0.16541,0.076131,0.071421,0.022679,-0.61008,-2.1178,-0.28485,-0.5368,-0.17346,0.41298,0.27896,-1.1047,-0.22786,-1.2142,-0.49022,-2.2474,-2.0481,0.0036023,-0.6184,-0.67608,1.2615,-2.2951,-0.5034,-0.82552,0.031667,-1.1647
-0.80636,-0.018636,-0.15529,-0.097693,-0.83514,0.46479,-0.6796,0.030027,-0.66812,0.65854,-0.74589,-0.36263,-0.011597,0.07054,0.010131,-0.54617,-0.24029,-0.1651,-0.56835,-0.64085,0.098475,-0.26096,-1.5106,-0.58645,1.1177,0.5477,0.75397,-0.22748,0.093187,-0.683,0.32425,-0.098848,0.87124,-1.1547,0.87115,-0.96955,-0.5257,-0.28802,0.04971,-0.73674,-1.4673,-0.53383,0.77924,-0.26071,-0.1249,0.31716,-0.33213,-0.25133,-1.1249,-0.27193,-0.41517,1.101,0.17832,-0.86534,-1.1745,1.65,-0.43151,-0.16278,-1.6276,-0.45418,0.32005
-1.0292,-0.051807,-0.20583,-0.55124,-0.8412,0.051577,-0.56664,-0.34531,-0.71279,0.5495,-1.0126,-0.94326,0.068005,-0.41634,-0.096503,-0.54634,0.73002,0.20721,-0.46583,0.49845,-0.23554,-0.4149,-0.8384,0.64954,2.0894,1.3196,2.4568,-0.99017,-0.060782,-0.51917,-0.32525,-0.21941,3.5187,-0.1164,1.107,-0.55123,-0.46655,-1.1331,0.32874,-0.32819,-0.90973,-0.51822,0.29235,-0.064556,0.38897,0.34398,-0.13457,-0.34116,1.8463,0.43793,-1.0702,-0.59316,-0.14171,-0.39144,-0.30913,-0.075128,-1.1342,-0.4397,-0.13777,-0.24715,-0.4076
-0.63745,-0.41149,-0.72438,-0.34892,-0.64443,-0.12825,-0.70574,0.068045,-0.28621,-0.14325,-1.0086,-1.1773,-0.39342,-1.1049,-0.65287,-0.56242,-0.91944,-0.01878,-0.37325,-0.082159,-0.052348,-0.60711,-1.5164,-0.13596,0.33545,0.43066,0.32241,-0.29904,0.25279,-0.013404,-0.28198,-0.28925,1.2677,-0.15744,-0.071652,-0.63048,-0.3305,-0.54984,0.48037,0.70985,-1.565,-0.4178,0.64775,-0.23777,-0.34856,-0.37,-0.24886,-0.12068,-0.1688,-0.006997,-0.85154,1.1064,-0.16306,0.2569,-0.13063,0.59177,-1.0566,0.15976,0.24329,-0.0018546,0.37262
-1.0483,-0.25359,-0.57285,-0.73425,-0.63436,-0.2776,-0.59659,-0.14381,-0.17531,-0.41375,-0.80076,-0.88126,0.034483,-0.49803,-0.61293,-0.8606,-0.88013,-0.27172,-0.18178,0.71504,-0.043998,-0.45869,0.10111,0.25865,-0.072018,0.12232,0.16604,-0.88851,0.6285,0.89887,-0.75336,-0.3672,1.008,0.18426,0.396,0.38869,-0.28262,-0.78493,0.036073,1.021,2.325,-0.4584,0.39758,-0.20786,0.45503,-0.048119,-0.68191,-0.21751,0.47977,-0.39148,-0.28347,1.9248,-0.093278,0.60856,-0.01706,0.58951,0.21606,0.022955,-0.49866,-0.83578,-0.036724
0.53557,-0.42436,-0.40062,0.31486,-1.1075,-1.0333,-0.76069,-0.15048,-0.37345,-0.81679,-0.31713,-1.2762,0.19533,-0.035566,-0.86578,-0.67004,-1.1403,-0.5941,-0.72083,0.21052,-0.41287,-0.47316,-0.18491,0.18143,-1.1941,0.36885,-0.70037,-0.49346,-0.237,-0.14244,-0.62869,-0.36651,-0.31596,1.0502,-0.66496,1.229,0.11711,-0.36085,-0.44986,0.98541,4.9408,-0.44257,-0.4669,0.0087422,1.3983,-1.0955,-1.4701,-0.18005,0.21359,-0.82062,0.58798,0.2075,-0.16831,0.41763,-0.21921,0.59945,1.1495,0.5246,0.61739,-0.92209,-0.63783
4.693,-0.32992,-0.58168,2.0617,-1.0378,-0.43294,-0.76201,0.43375,-0.1392,-0.58998,-0.05626,-1.5806,-0.61699,-1.3245,-0.42922,-0.2395,-0.40128,-0.26777,-1.291,0.62719,-0.10489,-0.31319,0.55881,0.34142,0.059391,4.2957,-0.18313,-0.21065,0.47199,0.0025792,-0.03661,-0.49102,0.57278,0.13535,0.083099,1.7042,0.11693,0.052425,0.093355,0.81309,3.5551,-0.60627,0.6203,-0.19566,0.92096,0.24562,-0.97174,-0.15941,5.1116,-0.058074,0.35404,-0.15844,-0.19112,0.15039,-0.64655,0.67808,1.9797,-0.026784,-0.6025,-0.36937,-0.32779
2.8426,-0.16735,-0.37902,0.65193,-1.0246,-0.64826,-0.67435,-0.26333,-0.25908,-0.37215,-0.082873,-1.1912,-0.47944,-1.1961,-0.45495,-0.39498,-0.61328,-0.11907,-1.2393,0.53083,0.14122,-0.30743,-0.27962,-0.086815,1.4177,2.6676,-0.21582,-0.40223,0.632,0.16579,-0.52975,-0.38098,1.3806,0.10537,0.53524,0.8415,-0.52669,-0.42773,0.67516,0.2697,1.8193,-0.49101,0.92917,-0.3686,1.1221,0.64172,-0.52742,-0.21681,3.7863,0.15831,-0.48996,0.2099,-0.12546,0.11914,-0.077587,0.73114,0.20322,-0.066944,-0.12164,-0.23458,-0.037672
1.4377,0.39728,0.033089,0.24813,-1.2365,-0.75668,-0.51749,-0.51703,-0.62986,0.59393,-0.16889,-0.68787,-0.76229,-0.94922,0.34869,-0.53598,-1.369,0.11507,0.11939,-0.82971,-0.37667,-0.62273,-0.015556,1.3211,3.3254,3.2192,1.6165,-0.29186,1.4319,-1.5204,1.3087,-0.6222,1.3976,-0.1224,0.34174,0.54504,0.031826,-0.7324,1.0589,0.48318,1.5486,-0.55836,0.21934,0.1043,1.9502,2.025,-0.97204,-0.24412,6.2017,0.54202,0.052466,-0.082369,-0.36598,-0.0077884,-0.072284,-0.84307,0.26787,-0.68085,-0.16671,-0.2471,-0.39013
0.68426,0.0001976,-0.52065,0.045319,-1.1086,-0.63645,-0.52909,-0.30754,-0.53819,0.22514,-0.62175,-0.53967,-0.15174,-0.36487,0.18116,-0.46739,-1.0389,0.01126,0.21354,-0.60662,-0.14268,-0.71685,-0.4342,0.60334,2.6474,2.1264,1.1646,0.2304,0.78498,-0.93276,1.5805,-0.44879,0.52494,-0.2159,0.32567,-0.13606,-0.060927,-0.29251,1.0412,0.46037,1.1736,-0.39857,-0.26827,-0.12567,1.3452,1.8785,-1.0673,-0.31662,5.7444,0.51219,0.14191,0.039552,-0.17254,0.14019,0.4154,-1.4656,0.21745,-0.55639,-0.8082,-0.62983,-0.67836
-0.0021763,-0.75601,-0.67478,-0.0043962,-1.3081,-0.0066864,-0.66012,-0.23203,-0.25835,-0.70079,-0.64664,0.044887,0.077183,-0.072435,-0.28527,-0.24715,-1.2675,-0.28387,-0.25672,-1.5136,-0.48697,-0.65044,1.7173,0.007419,0.96257,3.963,-0.50182,-0.4433,0.76223,-2.2906,0.28751,-0.29172,-0.45257,0.38207,-0.74767,1.0262,0.3762,-0.57541,-0.082031,0.4168,1.9761,-0.76427,0.35691,-0.34928,1.3214,2.4366,-0.69669,-0.05451,4.8374,-0.29911,-0.36457,-1.2974,-0.047599,-0.12301,0.53315,-0.5167,-0.14445,-0.60612,0.45574,-0.43817,-1.327
-0.39653,-0.7687,-0.68982,-0.27247,-1.5761,0.34049,-0.61018,-0.27073,-0.37709,-0.93887,-0.68737,-0.46821,-0.44407,-1.0372,-0.56351,0.12915,-0.82091,-0.35021,-0.65966,0.15472,-0.49631,-0.65719,1.0617,0.22118,0.82781,3.4872,0.37074,-0.60287,0.64483,-0.72487,-0.20475,-0.44972,0.17055,0.35442,-0.13404,1.4697,-0.22568,-0.94015,-0.23165,0.39818,5.4611,-0.61561,0.78876,-0.2356,1.1409,2.2121,-0.49146,0.031653,7.7292,0.19114,-1.2547,-1.1351,-0.14257,-0.012788,-0.37628,-0.39654,-0.8302,-0.61027,-0.55506,-0.73274,-0.87692
-0.078807,-0.55742,-0.23824,0.066789,-1.5197,1.1044,-0.5307,-0.60076,-0.38323,1.6716,-1.1474,-0.78566,-0.42901,-1.0322,-0.35782,-0.46327,-0.71999,0.042083,-0.13799,-0.38888,-0.34249,-0.72775,-0.67949,0.89154,1.9421,2.4976,0.95087,-0.48691,0.13757,-0.74993,0.19481,-0.76904,1.5642,-0.77494,0.87592,-0.25857,-0.97478,-1.6013,0.68944,0.63418,2.783,-0.64562,0.081241,-0.38075,1.2063,2.5336,-0.59027,-0.12478,7.502,0.73821,-2.8229,0.23977,-0.21529,-0.49883,0.31512,-0.67507,-1.7563,-0.69235,-1.873,-0.60235,-0.67919
-0.63734,-1.1579,-0.48494,-0.065043,-1.3641,0.52244,-0.58543,-0.58467,-0.60107,0.75198,-0.9062,0.071294,-0.23525,-0.72581,-0.34416,-0.62787,-1.5261,-0.21341,-0.0019772,-1.4545,-0.50671,-0.67895,0.31216,0.21336,0.51781,3.1522,-0.090019,-0.78072,0.83681,-1.7683,-0.24555,-0.46962,0.62127,-0.026432,-0.62495,1.1602,0.029391,-1.2707,-0.064568,0.37407,1.8458,-0.73668,0.50968,-0.3194,1.686,1.6019,-0.41888,0.1825,5.6603,-9.2642e-06,-2.3867,-0.45144,-0.13767,-0.40826,0.24548,-0.03273,-1.9119,-0.55456,-0.026004,-0.37132,-0.91331
-1.0613,-1.1506,-0.96417,-0.26282,-0.67183,0.10966,-0.6107,0.078389,0.32356,0.2751,-1.0743,-0.0456,-0.82982,-1.2174,-0.43219,-0.60906,-0.81399,-0.28803,-0.55958,-0.99472,-0.272,-0.63685,1.2628,-0.36515,0.023188,3.6352,-0.90167,-0.60325,1.1398,-1.8274,-1.0535,-0.24011,0.36419,0.28767,-0.6715,1.2549,-0.20184,-1.098,-0.24223,0.08286,0.86346,-0.47661,1.2104,0.0025386,1.3382,1.8027,-0.25127,0.57761,6.2155,0.15027,-2.5956,-0.14253,-0.15933,-0.37059,-0.21765,1.2353,-2.2691,-0.69621,0.21473,-0.39214,-0.72376
-0.6834,-0.83294,-0.66303,-0.32901,-0.062483,0.16301,-0.53482,-0.068112,1.8128,0.86731,-1.3504,-1.29,-1.0828,-2.1489,-0.3719,-0.86041,-0.22145,0.026588,-1.0948,-0.90766,-0.21858,-0.80478,-0.18433,0.39411,2.2794,5.5027,-0.53129,-1.1323,1.7672,-1.4239,-1.7467,-0.41923,2.3425,-0.73652,1.2911,-0.19905,1.9316,-1.6165,-0.08999,-0.045461,0.38742,-0.57264,0.37922,-0.26095,1.0658,2.2106,-0.31509,-0.013905,7.71,0.61158,-0.77404,0.33858,-0.14219,-0.0066771,0.33985,0.05387,-1.2222,-0.72251,-1.8901,-0.61665,-0.71972
-0.92159,-1.3062,-0.41685,-0.23271,-0.7738,-0.73933,-0.45881,-0.37768,0.8605,-0.40152,-1.2268,-0.17634,-0.97934,-1.3993,-0.057121,-0.64004,-1.0694,0.2288,-0.77032,-2.4887,-0.2871,-0.66329,2.4305,0.40036,1.753,6.872,-1.1971,-1.1841,1.3545,-3.7511,-0.97812,-0.16962,0.35473,-0.50486,-0.8898,1.778,2.7206,-1.5266,-0.17648,-0.46462,1.1845,-0.57739,-0.98656,-0.52927,1.9332,3.6096,-0.68025,-0.036375,7.5156,0.58537,-0.93786,-1.4421,-0.08996,-0.61049,0.23233,1.7204,-0.58735,-0.99768,-0.93292,-0.0016172,-1.0407
-1.0655,-1.1859,-0.97027,-0.073767,-0.44789,-0.50732,-0.50898,-0.34233,1.0515,-0.032864,-1.4405,0.092342,-0.86354,-1.7142,-0.20489,-0.59937,-0.29532,-0.044519,0.27088,-1.4271,-0.011971,-0.75524,2.9198,0.1875,0.2651,4.8921,-1.0613,-0.43417,1.5171,-1.9945,-0.96586,-0.37648,0.046134,-0.2107,-0.78849,1.3937,1.595,-1.1934,0.29686,-0.14264,0.36994,-0.45108,-0.18191,-0.39347,1.5607,3.3346,-0.53635,-0.063643,5.8294,0.37866,-1.2147,-0.58785,-0.21227,-0.26147,0.38385,0.43222,-1.007,-0.91433,-0.9663,-0.098279,-0.7042
-0.80025,-0.85006,-0.63796,-0.11704,-0.58499,-0.44098,-0.42065,-0.32866,0.86495,0.34137,-1.4772,-0.87461,-0.94627,-1.5813,-0.37985,-0.52214,0.54249,0.10142,0.090937,-0.91183,0.29804,-0.90938,0.45081,0.9686,1.6261,3.4823,-0.0081858,-0.75115,1.5061,-1.2945,-0.78226,-0.29347,0.95232,-0.57217,0.75532,0.40378,0.71369,-1.1184,0.69577,-0.22669,-0.22974,-0.48187,-0.4459,-0.10853,1.0852,3.1929,-0.73911,-0.12791,6.2135,0.39453,-1.1168,-0.60367,-0.030594,0.016511,0.63389,-0.3636,-1.2067,-0.76959,-1.5423,-0.62264,-0.56006
-0.82183,-0.67469,-0.74002,0.016244,-0.23419,-0.39483,-0.54513,0.030744,0.62941,0.099309,-0.91758,-0.54692,0.17134,0.073453,-0.061845,-0.64608,-0.32981,-0.12526,-0.98055,-1.5524,0.33513,-0.46079,1.5151,-0.0058126,-0.10342,2.9327,-1.1163,-0.21164,0.75979,-1.8082,-0.44376,-0.31108,0.91656,-0.87419,-0.066307,0.52945,0.9433,-0.88899,0.25818,-0.39984,-0.6653,-0.47687,-0.76221,-0.33989,1.14,1.4752,-1.1809,-0.058358,3.0197,0.071213,-0.76587,0.49574,-0.088292,-0.27177,0.61637,0.46191,-1.2394,-0.44315,-1.7057,-0.18109,-0.46242
-0.91179,-0.73271,-0.60821,1.596,-0.78397,-0.61325,-0.46493,-0.074142,0.25581,-0.23301,-1.0757,-0.95785,-0.28658,-0.67548,-0.11714,-0.68244,-0.053548,-0.034324,0.64093,-2.1444,-0.0074377,-0.45012,0.65027,0.090549,0.56238,2.7068,-0.7243,0.36139,1.4831,-2.7427,-0.52148,-0.24433,1.7144,-1.2737,-0.065037,0.80241,0.90962,-1.0413,0.21075,0.062476,0.53192,-0.49361,0.023646,0.0088299,0.73479,2.3287,-0.77998,-0.094351,1.5938,-0.14627,-0.21192,0.82058,0.054543,-0.57201,-0.050344,0.38957,-0.34414,-0.66024,-1.6894,-0.58817,0.12059
-0.85424,-0.75541,-0.41003,3.463,-1.0437,-0.99001,-0.46948,-0.47916,-0.13988,0.0043205,-1.3421,0.45283,-0.65812,-0.94282,0.33674,-0.66295,-1.3017,0.10182,2.028,-2.8988,-0.045671,-0.79463,0.1667,0.44124,0.44542,2.6863,-0.55793,-0.27179,1.2495,-3.2479,-0.25702,0.10545,0.5857,-1.0525,-0.45952,1.5734,0.3102,-0.8053,0.24894,-0.50401,1.2221,-0.43073,0.18934,-0.26913,0.75593,2.1163,-0.70711,-0.025836,0.33864,0.0085248,-0.31513,-0.33146,0.46664,-0.82466,0.18135,1.6926,0.28319,-0.59908,-0.82819,0.33876,-0.16149
-0.63701,-0.76116,-0.68743,5.5699,-0.74428,-0.77626,-0.65775,-0.23269,0.0547,0.34028,-1.2133,-0.32718,-0.061579,-0.62767,0.052565,-0.319,-1.1447,-0.07313,0.40815,-2.2125,0.35679,-0.94148,0.12248,-0.010483,-0.67883,1.3388,-0.92517,0.17393,1.0509,-2.462,-0.76346,0.073396,0.4932,-0.85742,-0.13793,0.20183,0.2756,-0.94875,-0.16394,-0.65286,0.39464,-0.27282,0.94813,-0.44537,0.52631,-0.19491,-0.71881,-0.066188,-0.15213,0.1149,0.69486,0.72034,0.028535,-0.5597,-0.21633,0.22209,0.58214,-0.49987,-1.3024,0.027195,-0.020898
-0.37667,-0.92866,-0.26181,3.8859,-0.42579,-0.72607,-0.43835,-0.34528,0.17651,-0.257,-1.5819,-0.09679,-0.51913,-1.3883,-0.3848,-0.54727,-0.77541,0.015856,0.054236,-1.6937,0.38438,-0.76872,0.31721,0.47622,-0.008229,1.8367,0.078358,-0.53836,1.796,-1.9714,-1.0173,-0.11441,1.1269,-0.74076,0.24388,0.29031,0.013761,-0.80281,-0.37713,-0.49587,0.58326,-0.33899,1.4943,-0.15695,0.35068,0.99097,-0.16685,-0.046416,2.3986,-0.29926,-0.73273,0.017783,0.13563,-0.17832,-0.057772,-0.10145,-0.37823,-0.51997,-1.653,-0.4082,0.050049
-0.6416,-0.39052,-0.62102,2.5939,-0.50275,-0.32265,-0.38111,-0.59725,-0.091205,-0.1773,0.16013,2.2123,-1.2591,-1.653,-0.44329,-0.80069,-1.783,-0.11347,0.1911,-2.7631,-0.1011,-0.22465,-0.24463,1.2437,-0.034701,2.1156,0.0083849,-0.37514,1.6181,-2.8414,-0.498,-0.32756,1.0861,-0.61003,-0.33814,1.1472,-0.55771,-0.95626,-0.22686,-0.59471,0.27314,-0.48309,0.50856,-0.19368,1.1148,2.5384,-0.033746,0.0068297,3.5628,-0.077746,-0.92695,-0.56138,-0.17368,-0.44351,-0.35914,0.0065398,-0.082579,-0.61318,-0.43123,-0.27037,-0.55126
-1.0432,0.2847,0.051947,1.47,-1.4278,1.0047,-0.56647,-0.60666,-0.34966,0.38026,2.5754,2.0218,-0.96307,-1.5956,-0.20125,-0.44832,-1.7242,0.10055,0.42074,-2.2261,-0.219,0.046862,1.5904,1.4111,-0.45786,1.5714,1.0275,-0.027114,1.9592,-2.4949,-0.76869,-0.3879,0.38251,-0.61748,-0.13047,1.2231,-0.5501,-1.2676,0.26093,0.21042,0.33394,-0.65001,0.28126,-0.60909,1.2706,2.0687,-0.52488,-0.083025,4.6324,0.070428,-1.5998,-0.95869,-0.15604,-0.86085,0.38011,0.31005,-0.23297,-0.65897,-0.60846,0.16879,-0.16431
-0.40122,-0.080522,-0.84323,0.97122,-1.1248,0.49187,-0.5815,-0.44678,-0.066406,0.14931,1.2966,0.70011,-0.95207,-1.423,-0.24331,-0.66832,-1.0674,0.003589,-0.28494,-1.7577,-0.28301,-0.29247,4.9738,1.6916,-0.67188,-0.31796,-0.069152,-0.49476,1.1416,-2.3549,-0.93805,-0.29582,0.19221,-0.047732,-0.26798,1.5888,-0.69145,-1.3241,0.085103,0.30729,0.16954,-0.37524,-0.41118,-0.29191,1.5377,0.77531,-0.33452,-0.028818,2.1184,-0.038177,-0.50439,0.45509,-0.19141,-0.086393,0.1272,-0.39797,-0.33494,-0.47999,2.6995,-0.50313,0.33277
-1.4935,-0.058418,6.0789,0.06512,-1.4557,0.38441,-0.49586,-0.89881,-0.25084,-0.51768,1.3638,1.3296,-0.62527,-1.4797,-0.35933,-0.48581,-1.0158,0.10645,0.12238,-1.4893,-1.2149,-0.22444,2.9169,1.4119,-1.8449,0.97987,-0.22698,-1.2443,-0.41832,-2.577,-0.81174,-0.30257,-0.9784,1.1889,-1.0214,3.1044,2.7315,-1.371,-0.75687,1.1745,2.7605,-0.26925,0.42112,0.53584,3.1611,0.59,-1.1283,0.13256,1.1912,0.74456,0.36816,-1.3218,0.15583,0.039217,0.14841,0.86275,-0.66108,-1.1975,2.411,-0.37853,0.43112
1.3173,-0.53529,5.9835,0.091988,-1.1657,2.5093,-0.0018086,-0.85933,-0.52009,0.24692,0.73389,-0.65097,-0.43157,-0.82757,-0.63265,-0.080238,-1.9086,-0.17888,-1.7731,-0.066417,-0.49318,-0.25541,1.8665,0.61335,-1.8491,0.91217,1.1718,-0.47391,-0.39795,-0.057363,1.3321,-0.1787,-0.45724,0.50886,-0.86798,0.57231,3.0967,-0.046772,-0.2704,0.37903,1.0518,-0.12934,1.3056,0.056461,1.8857,-1.4341,-0.89302,-0.14853,0.5696,0.17858,2.0359,-0.52575,-0.27539,-0.69124,0.54861,-0.23646,-0.85993,-0.17476,0.97223,0.081139,0.12786
7.6853,-0.88848,2.4128,1.9039,-1.0779,1.9363,-0.042625,-0.56431,-0.83868,-0.1503,0.64501,-1.6097,-0.48957,-0.56161,-0.98787,0.14477,-0.75266,-0.38318,-2.7208,-0.15616,-0.38773,-0.52051,1.9862,0.98013,-1.6542,1.533,-0.032119,1.3148,-0.63141,-0.40213,2.1038,-0.64428,-0.50564,0.20419,-0.44742,1.6153,2.2482,0.97291,-0.27521,-0.45176,1.8332,-0.19047,1.4132,0.0034447,1.6002,-2.1138,-1.395,-0.063209,2.1832,0.11537,1.1411,0.084803,-0.30805,-1.0911,-0.17581,-0.57408,-0.97946,-0.14821,1.376,0.63782,-0.32878
5.298,-0.65622,2.3487,-0.33525,-0.6162,1.6648,-0.14191,-0.96793,-0.52687,-0.040887,-0.14256,-1.1273,-0.016886,-0.31864,-1.4024,-0.26362,-0.72984,-0.33388,-1.436,0.43858,-0.6017,-0.32985,0.11854,0.87595,-1.0853,1.5236,-0.2263,0.30171,-0.29556,0.28344,1.4426,-0.58239,0.36135,0.044115,0.14826,0.43821,1.2872,-0.49918,-0.17435,0.20725,1.4591,-0.13631,1.9769,0.28347,0.95088,-1.5413,-0.27611,-0.13938,0.66786,-0.29596,1.3323,0.99997,-0.22452,-0.68931,-0.29386,-1.1282,2.0446,0.33971,1.027,-0.017681,-0.047538
2.2319,-1.0238,0.48155,0.68384,-1.0086,-0.038756,-0.45817,-0.51322,-0.5583,-0.77668,0.045247,-1.5999,-0.28569,-1.0793,-1.3703,0.49241,-0.36187,-0.23359,-2.602,0.99102,-0.72636,-0.91562,1.1962,-0.81149,-0.44032,4.4317,-0.9578,0.75471,0.059935,-0.19642,1.8402,-0.163,-0.65926,0.47596,0.16647,1.1218,1.5069,-0.3147,0.2284,-0.85668,-0.88451,-0.022644,2.2609,-0.0010395,1.2223,-1.8574,-0.235,-0.12604,4.0593,0.2063,-1.9881,-0.26267,-0.3337,-0.51913,0.13068,0.41277,-1.0893,0.079935,0.57458,0.33743,-0.057852
1.6183,-0.51544,1.0794,-0.41572,-0.23241,0.32927,-0.53003,-0.51618,0.32655,-1.0298,0.075851,-0.34712,-0.46362,0.036596,-1.0726,-0.15097,-1.682,-0.42064,-1.2941,-0.17943,-0.047335,0.23641,1.2971,-0.5623,0.80539,4.2738,-0.10083,0.4841,-0.53533,-0.36391,0.94774,-0.34355,-0.51407,0.079355,-0.45127,0.33965,1.2242,-1.5415,-0.13464,0.15867,1.02,-0.3499,2.6147,-0.36833,1.6539,0.38501,-0.46363,-0.16838,0.94616,-0.17196,-1.7766,-1.0453,-0.42579,0.45491,0.46603,-1.6393,4.2125,-0.41552,-1.213,-0.70062,-0.6303
2.14,-0.10998,-0.24173,-0.67005,-0.51315,1.0914,-0.13234,-0.21787,0.6772,-0.73677,0.25661,-1.7043,-0.6929,-0.24631,-0.98852,-0.17874,-0.24004,0.16423,0.81839,1.917,0.47997,1.299,1.7128,1.7777,5.7502,1.6601,3.3447,-0.47348,2.4883,1.4832,0.79934,-0.6138,2.6949,-0.4445,4.487,-1.9641,-0.030927,-1.2422,0.4397,0.95854,0.010905,-0.28246,0.076606,-0.38388,0.043707,-0.68613,-0.49546,-0.43835,0.52422,0.074009,-0.70435,-0.58542,-0.5372,0.85828,0.22945,-2.7204,4.6252,-0.21563,-2.211,-0.98198,-1.0475
0.56907,-0.45307,2.1905,-0.61189,-0.53274,0.32118,-0.14728,-0.034,0.64575,-1.1529,0.24281,-0.076503,-0.59416,0.045488,-0.42402,-0.33971,-0.5844,-0.26327,0.037219,-0.45208,-0.34486,1.5412,0.87792,0.61048,1.7292,1.0067,0.99917,-0.59378,1.8731,-1.009,0.3507,-0.18081,0.69077,-0.71716,1.7179,0.5973,0.1839,-1.3183,-0.26835,0.49735,1.3948,-0.21212,1.4304,-0.15073,0.85695,-0.30774,-0.31991,-0.25787,-0.31661,-0.32089,0.27374,-1.5976,-0.37698,0.44681,0.43668,-0.68351,0.57217,-0.4045,-2.2951,-1.0756,-0.72822
0.3189,0.28591,10.911,-0.91304,0.091412,0.84942,-0.24675,-0.43397,0.84088,-0.63993,1.2334,0.77437,-0.82189,-0.10781,0.049337,-1.058,-2.8084,-0.26941,0.017419,-0.4976,-1.0162,3.552,1.4672,-0.0021404,0.12249,2.6066,0.39851,-0.081178,0.23044,-0.12187,0.34503,-0.50982,-0.47349,-0.70717,-0.43092,0.88855,0.84127,-1.2004,-0.63851,1.0252,3.2968,-0.37551,2.7241,-0.39711,1.7354,0.87353,-0.84103,-0.27162,-1.1361,-0.9091,4.1661,-1.2164,-0.29463,0.23757,0.33633,-0.67012,0.68619,-0.57368,-0.83513,-0.046484,-0.26672
0.48502,-0.62258,6.4516,0.41915,0.7714,1.6258,-0.59858,-1.1957,0.39063,0.0096528,-0.87723,-2.0898,-1.0924,-0.7151,0.10292,-0.54013,-0.75724,-0.28579,-1.251,1.1533,-0.42526,1.0863,0.68496,-0.60508,1.2037,2.3059,-0.27765,0.50061,0.85486,1.3003,-0.63162,-0.40324,0.57165,-0.80028,1.9463,-1.1665,0.50754,-0.68509,-0.38571,0.5575,0.80675,-0.19801,2.8613,-0.34066,0.22733,-0.48322,0.2103,-0.026746,2.2372,-0.52275,2.6963,0.18993,-0.27997,-0.081988,-0.67393,-0.84729,0.27812,-0.013023,-2.338,0.02318,-0.72605
-0.092154,-0.25343,4.6716,-0.12613,0.61074,1.0343,-0.69619,-1.0863,0.42373,0.1232,-0.82374,-1.5238,-0.88622,-0.41864,0.17603,-0.76379,-0.76482,-0.26864,-1.0708,-0.14028,-0.66123,0.66196,0.48022,-0.14838,0.15901,0.92157,-0.10944,0.46055,0.13638,0.30355,-0.52784,-0.2263,0.7191,-1.087,1.6401,0.088369,-0.41719,-0.78724,-0.58657,0.3667,1.3499,-0.169,3.4884,-0.3211,-0.16056,-0.047533,0.72978,-0.05247,0.98431,-0.34737,2.8276,1.2654,-0.1553,0.22006,-0.71129,-0.40093,-0.3833,0.015958,-1.3761,-0.57974,-0.11293
-0.55161,-0.53759,2.2943,-0.24592,0.6651,2.2298,-0.80452,-0.65345,0.27592,0.088646,-1.1792,-1.3835,-0.75174,-0.78528,-0.48373,-0.49658,-0.42568,-0.20056,-0.7903,-0.49182,-0.2475,-7.368e-05,1.3605,-0.033295,0.368,0.68837,0.31201,1.3909,-0.096207,-0.50203,0.8594,-0.1742,0.97543,-1.5081,2.3043,-1.0666,0.29991,-0.41028,-0.065389,0.012004,-0.28406,0.10242,2.6905,-0.35491,-0.20159,-0.40656,0.47902,-0.090711,1.0902,-0.2761,2.9974,1.4469,-0.033469,0.057019,-0.56055,-1.5257,1.3445,-0.19368,-2.2366,-0.77802,0.082658
-0.63485,-0.7114,1.5095,-0.34672,0.15322,2.1881,-0.7801,-0.37357,0.25694,0.50265,-1.2488,-0.99455,-0.84386,-0.60297,-0.50036,-0.70715,-0.59026,-0.29108,-0.92971,-0.15381,-0.15411,-0.20221,0.52306,-0.21613,0.10207,0.21364,0.272,0.73264,0.39947,-0.35446,1.4014,-0.22154,0.75081,-1.1435,1.934,-0.85744,0.14579,0.11942,0.024738,0.04186,-0.38792,-0.12624,2.5195,-0.19794,0.21338,-0.25598,1.1902,-0.12525,1.0785,-0.28393,1.9551,1.302,-0.028114,0.12077,-0.67399,-0.57502,1.0687,-0.068106,-1.8265,-0.48356,-0.13376
-0.85843,-0.79688,2.285,-0.52154,-0.16666,1.1211,-0.75235,-0.42579,0.020434,0.075456,-1.2253,-0.94126,-0.61704,-0.64931,-0.68329,-0.55395,-0.46787,-0.21986,-0.56145,-0.27599,-0.30629,-0.49505,0.97238,-0.34677,-0.2999,-0.01054,-0.10728,1.4721,0.082408,-0.56662,0.28357,-0.099137,0.19613,-0.61898,1.1096,-0.16376,-0.2307,0.078844,-0.091434,-0.059899,0.23875,-0.12325,2.8518,0.013587,-0.49695,-0.31243,0.76269,-0.042335,0.77061,-0.031687,1.4538,1.7218,-0.14143,-0.049008,-0.04059,-0.37817,0.63176,0.30676,-1.4637,0.10106,0.0017151
-1.0103,-0.87453,1.0765,-0.55263,-0.65754,1.7287,-0.68503,-0.66646,-0.38942,-0.016784,-1.2315,-0.83405,-0.077255,1.9793,-0.83759,-0.42149,0.17189,-0.1474,-1.0683,-0.52109,-0.085941,-0.51949,1.117,-0.82193,-0.39933,-0.47496,-0.49932,1.9268,-0.062251,-0.46132,0.25012,-0.10306,-0.38221,-1.081,0.71661,-0.82581,-0.3882,0.094428,0.0048168,-0.35116,-0.25313,-0.22191,2.8293,-0.042401,-0.84696,0.4252,0.36531,-0.18388,2.1531,-0.19476,0.47183,1.1854,-0.14329,-0.41629,1.2236,-0.83223,0.11854,0.33275,-1.977,-0.07728,0.3423
-0.55968,-1.0087,0.45003,-0.28997,-0.87153,1.5193,-0.78645,-0.74398,-0.20427,-0.214,-1.3318,-0.50717,-0.47721,1.0422,-0.86261,-0.20547,-0.51133,-0.32392,-0.75513,0.39671,-0.0030388,-0.68919,0.2297,-0.84221,0.07945,-0.44994,-0.22651,0.99585,0.41494,0.18419,-0.13361,-0.10886,0.042488,-0.83818,1.1181,-0.63357,-0.65863,-0.3044,-0.29289,-0.25957,0.098362,-0.26697,3.2129,-0.12655,-0.21938,0.016371,0.75156,-0.14156,2.5399,0.028017,0.13097,0.16273,-0.27654,-0.19857,0.16235,-0.83074,0.32909,0.29973,-2.0029,-0.50572,-0.24848
-0.55646,-0.71328,-0.094503,-0.39263,-0.67225,1.277,-0.59215,-0.44941,-0.14874,-0.18274,-1.1268,-0.43982,-0.41323,-0.42753,-0.94888,0.053152,-0.30872,-0.21195,-0.63221,1.2669,0.05085,-0.51826,0.02337,-0.44664,0.37545,0.19434,0.60186,1.0981,0.79895,1.2548,0.071779,-0.23004,0.22406,-0.93335,2.1183,-0.50218,-0.68124,-0.7675,0.19572,-0.23283,0.61957,-0.20661,2.9468,-0.12454,-0.090913,0.67543,0.25588,-0.16822,4.3651,0.17075,0.041831,0.58964,-0.2336,-0.18885,0.25566,-1.4526,0.82206,0.081332,-1.9896,-0.47921,-0.11068
-0.61514,-0.43785,-0.025542,-0.40921,-1.332,0.48029,-0.51019,-0.37616,-0.53467,-0.13807,-0.66345,-0.69139,-0.64456,-0.2713,-0.62531,0.0069027,-0.65924,-0.16021,-0.80399,0.71263,0.066908,-0.26185,0.0039697,-0.011986,1.7361,0.55644,0.71699,0.43024,0.57623,0.74832,0.39398,-0.27024,0.84007,-0.68115,2.3715,-0.20875,-0.15202,-1.0144,0.31558,-0.19593,0.17548,-0.14637,3.3001,0.032057,0.29991,2.0196,-1.0334,-0.16771,6.2411,0.097632,0.074524,1.347,-0.31741,-0.59978,0.2419,-1.56,0.68415,-0.32924,-1.414,-0.22185,-0.020934
-0.89574,-0.25188,0.061575,-0.53375,-1.159,0.71322,0.52946,-0.67702,-0.58895,-0.062526,0.13484,-0.49005,-0.76362,-0.81206,0.32034,-0.3245,-1.1917,-0.24394,-0.24564,-0.64231,-0.59165,0.48767,0.3363,-0.12591,0.87459,-0.070603,0.37403,0.053089,0.19096,-0.22353,-0.017807,-0.23345,-0.3341,-0.75033,0.83437,0.042982,-0.42947,-0.83802,0.10603,-0.095012,0.55434,-0.19145,3.8013,0.17472,0.1652,1.1027,-0.63268,-0.16301,3.7867,-0.82228,-0.10035,0.18682,-0.32588,-0.71222,-0.084168,-1.266,0.0075829,-0.14234,-0.85206,-0.34031,0.11856
-0.68015,-1.1649,-0.49295,-0.41846,-0.74041,1.4983,0.40247,-0.92265,-0.28854,-0.51254,-1.1291,-0.75262,-0.89972,-0.9686,-0.85303,-0.14103,-1.3065,-0.3275,-0.85657,-0.42769,-0.52136,-0.84775,-0.22435,-0.21065,1.1106,1.2383,0.77222,-0.23869,0.8171,-1.2717,-0.37134,0.008286,-0.2372,-0.404,0.54496,0.61162,-0.029809,-0.65392,-0.27946,-0.35124,-1.133,-0.21392,3.2834,0.11086,-0.094419,0.53801,-0.37599,-0.16729,4.4847,-0.46574,-0.98525,-1.182,-0.12538,-0.39445,-0.44039,0.58223,-1.1944,-0.21173,-1.0676,-0.35698,-0.19769
-0.66306,-0.49718,0.71366,-0.28294,-1.1622,0.30621,0.067008,0.29528,0.27583,-0.96886,0.73328,-0.50506,0.11242,-0.28689,0.64331,-0.7277,-1.9048,-0.21545,-1.2311,-1.263,-0.68904,1.2039,1.7838,-0.082494,-1.1631,-1.5699,-1.0557,-0.76741,-0.29645,-1.1129,-0.50843,-0.23549,-0.51419,0.044114,-0.1819,1.0387,-0.85518,-0.90131,-0.56716,-0.22416,3.6607,-0.19633,4.0645,-0.27217,0.76953,-0.93475,-0.0010737,0.26194,-0.77322,-0.30353,-1.533,-1.1581,-0.091153,-0.051895,0.84748,0.17456,-0.67238,-0.42656,0.8057,-0.51175,0.62686
-0.7874,0.028071,1.6801,-0.028919,-1.1812,0.12295,0.29884,1.4527,0.20948,-0.39902,1.808,0.055524,-0.23964,-1.0548,1.3744,-0.97485,-2.042,-0.10015,-1.5131,-1.6848,-0.29737,2.9062,5.8889,0.4968,-1.4932,-0.18245,-0.90803,-0.86167,-0.42492,-0.96958,-0.46102,-0.35614,-1.5357,-0.47934,-0.7624,4.3479,0.12063,-1.1204,-0.62798,-0.25049,9.6484,-0.28621,5.1195,-0.71263,1.9152,-0.20319,-0.97107,0.51907,0.10829,-0.2758,-1.7744,-1.3096,-0.34144,-0.20867,0.92708,-1.1147,-0.004521,-0.81176,0.43367,0.6233,0.26043
-0.9024,-0.59653,0.58023,-0.11249,-0.90267,0.49202,-0.13264,0.48205,0.011746,-0.60643,0.40709,-0.63434,-0.82057,-0.81819,0.05927,-0.6087,-0.82775,-0.50873,-1.2204,-0.80533,-0.06482,1.017,5.1204,0.01966,-0.52243,1.042,-0.95343,-0.52881,-0.17304,-0.61848,-1.0655,0.047423,-1.0009,-0.63604,0.2118,4.3693,1.0303,-0.74554,-0.72759,-0.24982,4.7719,-0.28801,4.8328,-0.64882,1.5087,-0.72492,-0.59523,-0.1778,1.5633,-0.24859,-0.95698,-1.4711,-0.14199,-0.11879,-0.1041,0.23953,-1.1967,-0.32505,-0.34703,0.27876,-0.20837
-0.6072,-0.5167,0.032679,-0.056309,-0.17823,0.45595,-0.11757,0.72377,0.29318,-0.0071072,-0.13007,-1.1145,-0.12253,-0.6012,0.11321,-0.83422,-0.61381,-0.36909,-0.79142,-0.13674,-0.49833,0.78455,1.7023,-0.22097,0.3162,-0.029792,-0.011851,-0.34911,0.17771,0.014854,-0.5751,-0.52136,-0.054436,-0.62729,1.1355,1.4591,-0.052806,-0.55644,-0.21967,0.1984,4.2161,-0.25056,4.5876,-0.21639,0.97521,-0.68063,-0.2629,-0.15644,1.0418,-0.16196,-0.34262,0.7487,-0.12987,0.14731,0.10414,-0.047033,0.99874,0.18127,0.11575,-0.62389,-0.56861
-1.3763,-0.5959,-0.40866,-0.4456,-0.8452,0.93146,-0.19783,0.3869,0.28492,-0.056353,-0.86252,-0.20796,-0.67697,-1.057,-0.35301,-0.73349,-0.14804,-0.23788,-0.06512,-1.3387,0.019787,-0.15044,2.6646,-0.36153,-1.0243,-0.65555,-0.5464,-0.31393,0.088085,-0.80393,-0.90223,-0.37222,-0.66076,-0.87101,1.0356,2.8799,0.12126,-0.0095242,-0.50438,0.21924,5.4862,-0.29891,5.3586,0.18072,0.88507,-0.25813,1.3614,-0.17234,1.7335,0.21159,1.0852,1.61,-0.11175,0.41826,0.17799,-1.1103,1.623,-0.11985,0.39579,-0.80013,0.24716
-0.094186,-0.56492,-0.31003,-0.17437,-0.74731,2.1162,-0.35333,-0.23287,-0.19371,-0.26949,-0.42078,-0.59731,-1.0749,-1.1817,-0.18095,-0.52066,-0.44614,-0.4136,-0.64426,-0.41164,0.010932,-0.019739,2.9561,0.10088,-0.85916,-0.013319,0.42479,0.22634,0.114,-0.59124,-1.1644,-0.3385,-0.68157,-0.5875,0.95888,1.7633,0.14982,-0.57924,-0.92744,0.10233,2.8881,-0.47535,5.2125,0.023863,0.3686,0.2429,0.85127,-0.18993,1.5928,-0.011666,1.196,0.24981,-0.23206,-0.23922,-0.72983,-1.4101,-0.44036,0.17783,0.79307,-1.0015,0.12376
3.5284,-1.0241,-0.846,0.93799,0.018078,1.9505,-0.49965,-0.74455,-0.14936,-0.37366,-1.0551,-1.2524,-0.98523,-1.2713,1.5387,-0.64067,-0.4061,-0.44371,-1.9281,0.013554,-0.60172,-0.4143,2.9478,-0.18389,-0.82616,0.3313,0.62955,1.3938,0.39019,0.19617,-0.6896,-0.36786,0.26634,-0.82809,0.62633,1.6159,-0.030135,-0.40795,-0.40924,-0.24815,1.5236,-0.48448,5.7202,-0.047899,-0.18921,-0.64147,0.86565,-0.21669,2.3028,0.036607,0.41054,0.98284,-0.24179,0.168,-0.24452,-0.72565,-0.5351,0.90215,-0.13997,-0.66623,0.0070966
1.408,-1.09,-1.0311,-0.17002,-0.39541,1.1937,-0.52617,-0.32537,-0.061871,-0.90314,-1.449,-0.72459,-0.58286,-0.44611,0.44118,-0.57493,0.03238,-0.522,-1.3712,-0.095207,-0.63909,-0.79065,2.3657,-0.1999,-0.51701,-1.0532,-0.42105,1.0725,-0.13358,-0.32729,-0.35987,-0.30076,-0.12375,-0.39329,0.80968,0.74624,-0.2038,0.17844,-0.24481,-0.35864,0.66689,-0.26188,2.8309,0.16368,-0.093837,-0.80934,1.6053,0.031838,1.0429,0.058938,2.038,2.3512,-0.17211,0.94644,0.098306,-1.2413,-0.90584,0.74764,1.1287,-0.88546,0.69762
0.72639,-0.83776,-1.1237,-0.35638,-0.074923,0.6878,-0.67707,0.2776,0.09807,-0.64924,-1.0735,-0.64959,-0.43027,-0.67481,-0.17189,-0.51588,0.25691,-0.46009,-1.3915,-0.75626,-0.0017227,-0.72719,1.1557,-0.27883,-0.7173,0.18831,0.25269,2.3366,-0.34726,-0.29254,0.043922,-0.31213,-0.13872,-0.53115,1.2078,0.53126,-0.054095,1.071,-0.018248,-0.6768,0.29084,-0.20062,3.0519,-0.13458,0.35049,-0.45592,2.1467,-0.12638,1.781,0.43686,3.4316,2.5838,-0.16262,0.58531,-0.58477,-1.274,-0.74142,0.82384,1.1679,-0.94262,0.81303
0.10886,-0.79577,-0.40118,-0.4917,-0.86451,0.34646,-0.60114,-0.3222,-0.53538,-1.3386,-0.18234,-0.7177,-0.060358,-0.84774,-0.52212,0.4012,0.73769,-0.44818,-0.88817,1.2158,-0.60961,-0.21696,2.7237,-1.0986,-0.43196,-0.73787,-0.53748,1.937,-0.59822,-0.0036133,-1.2179,-0.30718,-1.1063,-0.21682,0.36938,-0.2628,0.46467,2.758,0.185,-0.66241,-0.71122,-0.35363,2.1002,-0.11919,-0.85296,-0.76058,1.2015,-0.17338,-0.060746,0.20015,3.1505,0.95826,-0.22339,-0.63192,0.198,0.058297,-1.7331,1.5385,-0.57583,-0.76799,0.70671
-0.080184,-0.73956,-0.34276,-0.70363,-1.2264,2.261,-0.47044,-0.26339,-0.82481,-1.3065,-0.072653,-1.0126,0.43761,0.63023,-0.87894,1.4568,1.1657,-0.16265,-1.0872,1.9739,-0.24431,-0.023822,3.5897,-1.8778,-0.8227,-0.98978,-1.1116,1.6218,-0.17716,2.309,-1.5224,-0.51448,-1.4019,-0.65547,0.46314,-1.7991,0.19862,0.76149,-0.17559,-0.78371,-2.0183,-0.5853,3.8707,-0.41516,-1.3637,-0.45348,1.3434,-0.3333,1.4906,0.11175,-0.18233,-0.41495,-0.032317,-1.2014,1.8163,-0.97598,-2.5663,1.2379,-1.3322,0.053953,0.56217
-0.49796,-0.97522,-0.63478,-0.91913,-1.0159,2.131,-0.59352,-0.17561,-0.25635,-1.2727,-0.61343,-0.49338,-0.0026095,0.62985,-1.1385,0.88002,0.50443,-0.13342,-0.74193,0.55397,-0.10784,-0.40895,2.2807,-1.3594,-0.48123,-1.3809,-1.2279,0.5804,-0.22955,1.6022,-1.62,-0.19194,-1.1025,-0.8705,1.1602,-1.0641,-0.15838,0.10045,-0.35797,-0.70132,-1.3952,-0.48708,3.1426,-0.22827,-0.9943,-0.62184,3.3212,-0.27034,1.4967,0.27605,1.0183,-0.28214,-0.18674,0.018373,0.81636,-0.095632,-0.9635,1.0421,-0.7982,-0.61359,1.2628
-0.35639,-0.93424,-0.57805,-0.68761,-0.77596,1.8537,-0.5602,-0.5763,0.019427,-0.95333,-0.83819,-0.33566,-0.59716,0.085525,-0.83624,0.51858,-0.27144,-0.27102,-0.4723,1.6716,-0.35074,-0.44203,0.779,-0.82858,-0.82205,-0.93823,-0.78081,0.23552,-0.093006,2.0793,-1.5024,-0.23702,-0.27737,-0.89278,1.1505,0.21821,-0.5329,-0.29809,-0.48539,-0.39711,0.095728,-0.54348,4.1048,-0.05016,-0.60952,-0.23914,1.6057,-0.26886,2.4435,0.097988,0.51842,0.10785,-0.078458,0.14482,-0.012251,-0.46277,-0.080666,0.35295,-1.451,-0.94115,0.2447
-0.57377,-1.2768,-1.1363,-0.60929,-0.46608,1.1391,-0.70735,-0.57049,-0.27895,-1.1919,-1.2561,-0.13348,-0.85326,-0.11006,-1.01,0.37174,0.39087,-0.38773,-0.10456,0.34648,-0.22203,-0.76475,1.2608,-0.69892,-0.25007,-1.5708,-0.82939,-0.10396,0.13825,0.58219,-0.93404,-0.13869,-0.54361,-1.0394,0.2798,0.16252,-0.57355,-0.18932,-0.55188,-0.40244,0.72583,-0.41679,1.2185,-0.082845,-0.90244,-0.76202,1.6312,-0.067289,0.38648,0.31834,1.1258,0.96629,-0.23119,0.70771,-0.65798,-1.1444,0.90745,1.4479,-1.623,-0.93218,0.98112
-0.87537,-1.033,-1.1096,-0.67252,0.23592,0.91749,-0.70093,-0.42645,-0.21363,-0.77296,-1.1002,-0.21476,-0.72623,-0.845,-0.87308,0.34633,-0.52825,-0.38541,-0.34808,0.77153,-0.083782,-0.61993,3.4622,-0.69789,-0.15036,-0.94323,-0.5631,0.83183,0.20434,1.1862,0.25207,-0.22932,-0.68111,-1.5505,-0.013985,0.26459,-0.65078,0.85458,-0.10447,-0.49199,0.05204,-0.48906,2.0136,-0.12046,-0.30927,-0.95497,-0.097866,-0.089906,2.1671,0.40607,0.20329,1.2073,-0.32273,1.3492,-0.36319,-1.2957,0.1328,1.3193,-1.9913,-0.39032,0.1424
-0.78505,-1.1587,-0.82852,-0.7582,-0.58038,0.16307,-0.65731,-0.24836,-0.41392,-1.1331,-1.0419,-0.095546,-0.13406,-0.34892,-0.92516,0.11235,-0.16126,-0.25277,0.11818,0.48199,-0.16741,-0.68703,0.38629,-0.77356,-0.3446,-2.0131,-0.89882,0.6286,-0.23465,0.27805,-0.40976,-0.21988,-0.80366,-0.65962,0.65495,0.059784,-1.1997,0.82901,-0.095323,-0.51069,-0.40505,-0.36529,0.91736,-0.14405,-0.27552,-1.0528,0.48331,-0.17778,0.2754,0.47936,0.49086,0.34985,-0.30502,0.43453,-0.098782,-0.72321,0.22991,1.6215,-0.66381,-0.85862,0.75461
-0.72512,-0.90918,-0.39611,-0.64906,-0.32599,0.27429,-0.66748,-0.3753,-0.40876,-0.74402,-1.0336,0.029168,-0.1828,1.4551,-0.91696,0.026662,-0.024703,-0.3421,-0.21681,0.57752,-0.39119,-0.627,1.3835,-0.69438,-0.092811,-1.2149,-0.2741,2.3487,-0.49912,0.58097,2.1889,-0.32174,-0.19638,-0.48462,0.46472,0.24495,-1.0728,0.30663,0.59763,-0.40083,0.19027,-0.37422,1.3072,0.048833,0.33084,-0.42223,-0.41133,-0.14467,2.3492,0.68199,0.44067,1.1923,-0.35173,0.46362,0.964,-1.0611,0.75371,0.67397,0.055209,-0.77805,0.27602
-0.70912,-0.8995,-0.61382,-0.57502,-0.33733,0.15522,-0.56777,-0.44474,-0.38944,-0.97228,-0.86807,0.041929,-0.081243,1.6555,-0.88763,-0.15114,-0.25986,-0.22708,1.1932,-0.41958,-0.41036,-0.59894,-1.3713,-0.32071,-0.47808,-1.6765,-0.63591,3.004,-0.0082875,0.022239,1.6022,-0.2272,-0.73145,-0.56116,0.018398,-0.36582,-1.1717,0.3436,0.36159,-0.37292,-0.0015895,-0.41611,0.46326,0.0095258,-0.28526,-0.45467,0.80085,-0.26672,-0.54493,0.042194,0.82908,0.3762,-0.12152,0.3279,0.54474,-0.95025,0.73422,1.05,-0.37946,-1.1386,0.53298
-0.96086,-0.50096,-0.60685,-0.71578,0.052045,1.4714,-0.27415,-0.73333,-0.41808,-0.37694,-0.54264,0.44439,-0.48945,0.82643,-0.78787,-0.2931,-0.85691,-0.23919,3.4979,0.47649,-0.67677,-0.54628,-0.83334,-0.48525,-0.67446,-1.3769,-0.17832,2.7243,0.0867,1.7609,1.5257,-0.21084,-1.0775,0.42897,0.20743,0.06741,-1.4834,0.25639,-0.05229,-0.10579,-0.9213,-0.41913,1.5495,0.27363,-0.61443,-0.5958,-0.17922,-0.24333,-0.137,-0.16978,-1.6344,-0.42766,-0.31567,-0.1034,0.14377,-0.075154,-0.71597,1.0112,1.5337,-0.41585,0.41587
-0.89019,-0.39337,-0.62245,-0.47505,0.095151,1.5605,-0.27335,-0.50595,-0.29665,0.047578,-0.2971,-0.49831,-1.0176,0.28116,-0.63317,-0.45662,-1.3824,-0.42696,1.2533,1.1959,-0.44141,-0.43113,0.56442,-0.33869,-0.52892,-0.99383,-0.098759,1.0087,0.4705,1.6665,0.64369,-0.21675,-0.20934,-0.048674,0.26238,0.70265,-1.3029,-0.37651,-0.4708,-0.069301,-0.33853,-0.51462,3.0637,0.2114,-0.56564,-1.1447,0.23855,-0.18324,1.9233,-0.31702,-2.1104,0.075523,-0.16278,0.53928,-0.31335,-0.36324,-1.4677,0.19914,1.0422,-0.84561,-0.28019
-0.78686,-0.92556,-0.14334,-0.55581,-0.73746,0.52716,-0.33748,-0.55921,-0.28108,-0.98899,-0.3913,-0.32344,-0.64437,0.1356,-0.59941,-0.16072,-1.1541,-0.44692,0.65294,-0.55088,-0.46542,-0.37984,0.94634,-0.56528,-0.56907,-0.9299,-0.59754,-0.41805,0.41779,-0.62744,-0.34554,0.35082,-0.93229,-0.23698,-0.1703,1.0549,-0.82674,0.037802,-0.59192,-0.58058,-1.0651,-0.40944,2.2523,-0.26364,-0.27,-1.1766,-0.3204,-0.14766,0.76623,-0.28645,-2.3573,-1.2595,-0.089394,0.19133,-0.23188,0.2015,-2.3922,0.34098,0.22177,-1.1173,-0.083065
-0.93623,0.0096873,-0.61936,-0.63226,0.21921,0.97862,-0.34623,-0.22619,-0.23856,0.49713,-0.018715,-1.3212,-0.85649,-0.5816,-0.5587,-0.6759,-0.52368,-0.32465,-0.063064,1.016,-0.21503,-0.28845,-0.39304,-0.45774,-0.036196,-1.1038,-0.10117,-0.32737,0.42632,1.1868,-0.058431,-0.063906,-0.74748,0.010672,0.5429,0.34169,-1.2099,0.29572,-0.021698,-0.34798,-0.67729,-0.62237,1.1853,0.089069,-0.9488,-0.50402,0.20401,-0.22079,0.28425,-0.36947,-1.1398,-1.3046,0.031255,0.34697,0.00098316,0.9607,-0.59578,0.19886,0.58159,-1.319,-0.19463
-0.67687,-0.26992,0.17898,-0.35086,0.64686,1.0469,-0.18802,-0.45558,-0.13721,0.25768,-0.47666,-0.7573,-0.92424,-0.67618,-0.62963,-0.95914,-0.82475,-0.2915,0.049924,0.8783,-0.30646,-0.24776,3.9571,-0.32433,0.6325,-0.90573,-0.84758,-0.9397,0.89107,1.6348,-0.61124,-0.25231,0.15662,0.21189,1.2785,0.056344,-0.26454,-0.42905,-0.2461,-0.048027,-0.85094,-0.70895,2.1805,-0.062354,-0.46752,0.055737,0.020361,-0.2097,1.2252,-0.13462,-2.0416,0.20711,-0.12331,0.6525,0.39039,-0.22702,-1.4356,-0.33287,0.86251,-0.92827,-0.76555
-0.50148,-0.30834,0.42701,-0.59663,0.070194,0.42635,-0.27985,-0.36455,-0.13422,0.041758,-0.63331,-0.4621,-0.86576,-1.0374,-0.41174,-0.6949,-0.49011,-0.20698,-0.44836,-0.034829,-0.40324,-0.29216,5.3423,-0.25938,-0.27679,-0.61099,-0.3316,-1.0219,0.53297,1.0477,-0.43732,-0.21397,-0.21872,-0.34233,0.79322,0.59195,-0.46044,-0.11072,-0.34608,-0.23447,-0.66547,-0.36309,4.1469,0.088405,-0.31803,0.16215,-0.05709,-0.062359,1.7079,0.050643,-1.0955,-0.24254,-0.093242,0.0011211,0.002196,-0.79515,-0.84958,-0.3022,0.53908,-0.73975,-0.15184
-1.2043,-0.40306,-0.14747,-0.5186,0.47726,0.32181,-0.29053,-0.30252,0.21645,-0.45599,-0.44807,-0.42635,-0.94607,-0.76429,-0.69446,-0.94013,-0.39698,-0.35582,-0.22025,0.17658,-0.48044,-0.33302,3.8923,0.6648,-0.69072,0.024092,0.09812,-0.76906,-0.15049,0.32064,0.16226,-0.30036,0.39968,-0.68272,1.0294,3.5204,-0.39519,-0.47339,-0.61721,-0.0033917,4.3538,-0.61395,4.4713,0.24597,0.040554,0.09497,0.02747,-0.12189,1.8128,-0.053457,-0.74482,-0.15416,-0.075173,0.90491,-0.1684,-1.2655,-0.39949,-0.90789,-0.39551,-0.86032,-0.083095
0.45953,-0.50235,-0.12989,-0.79248,-0.04171,-0.078155,-0.32366,-0.36246,0.06731,-0.76675,-0.17437,-0.99346,-0.84887,-0.93502,-0.77257,-0.57413,-0.55874,-0.32536,-1.1932,0.24974,-0.42379,-0.14414,2.6728,0.45154,-0.81781,-1.0948,0.08667,0.31743,-0.21288,0.237,-0.012688,-0.17856,-0.3397,-0.18638,0.21718,2.9286,-1.0887,-0.30433,-0.6509,-0.32752,3.2783,-0.1263,4.1308,-0.086439,0.31345,-0.3201,1.2682,-0.24183,0.20378,-0.63719,-1.1293,-1.1146,-0.21866,0.40857,-0.16807,-1.5232,-0.63461,-0.58534,1.4097,-0.54084,0.066115
6.3455,-0.78854,-0.43746,0.18673,-0.1779,0.35679,-0.54127,-0.29395,-0.14968,-0.69477,-0.76391,-1.9325,-0.76674,-1.2856,-0.9275,-0.30427,-0.1288,-0.18697,-3.4254,-0.086014,-0.59384,-0.70517,0.40202,0.6969,-0.90021,-1.1135,-0.094611,0.34511,-1.0141,-0.20002,-0.24415,-0.31195,-1.157,0.037121,-0.10037,2.2357,-1.1813,0.011492,-0.68973,-1.1681,1.4166,0.35845,2.7185,-0.41311,-0.53138,-1.4932,2.8827,-0.36786,0.76552,-0.34233,0.70828,-1.2396,-0.27627,-0.36867,-0.56615,-0.41008,-0.11197,0.54298,4.1597,0.63205,0.77645
4.6203,-1.1558,-0.62452,1.1044,-0.24173,0.098972,-0.49297,-0.3023,-0.055061,-1.2976,-0.73843,-0.83119,-0.25482,-1.1472,-1.0238,-0.33385,-0.74088,-0.37116,-1.5721,0.57687,-0.77613,-0.57674,2.5647,-0.29951,-0.25012,1.4217,-0.21668,0.083692,-0.34741,1.2315,-0.34512,-0.33372,-0.57282,-0.71468,0.8325,1.8664,0.12333,0.85551,0.042844,-0.74699,0.85568,0.07844,5.0759,-0.3469,0.25179,0.40589,-1.1737,-0.10452,4.3358,0.063852,-0.2028,-0.072082,-0.18123,0.076546,-0.20236,0.46149,-1.3243,0.2691,-0.23892,0.36681,-0.028974
3.7408,-1.0077,-0.45643,0.31764,-0.34459,-0.41524,-0.43026,-0.33824,-0.074871,-0.46645,-1.1946,-0.74694,-0.44838,-1.111,-0.8254,-0.55091,-0.27226,-0.32622,-1.0289,0.33305,-0.65688,-0.64559,0.73017,-0.21755,0.14102,0.036768,-0.17365,0.22947,0.051818,1.4226,-0.10405,-0.42939,-0.2748,-0.27035,0.76391,0.29903,-0.9572,0.25532,0.29385,-0.31772,-0.70086,0.1188,3.5969,0.0018779,0.91524,0.7151,0.46815,-0.19479,3.3026,-0.15806,-0.92075,-0.13004,-0.37209,-0.061683,0.174,-0.92575,-1.0558,0.28188,0.50393,-0.30224,-0.24496
2.5067,-1.129,-0.52348,0.24446,-0.67314,-0.3035,-0.37849,-0.28798,-0.29551,-0.82118,-1.08,-0.3376,-0.62488,-1.2456,-0.91049,-0.48055,-0.48206,-0.55135,-0.49251,-0.43764,-0.56533,-0.49566,1.1825,-0.53922,-0.060899,-0.14736,-0.28869,0.011477,0.82415,1.8643,-0.60655,-0.32782,-0.065388,-0.60342,0.63735,1.3625,-0.58486,-0.093443,0.0053361,-0.071361,0.42526,0.020145,4.4238,0.13858,0.31331,0.75582,-0.39448,0.38463,4.4138,-0.46079,-1.0653,0.50999,-0.3084,0.21044,0.23909,-0.90534,-1.0204,-0.040703,-0.66509,-0.61753,-0.39727
2.0442,-1.0124,-0.4492,-0.12045,-0.52359,-0.54845,-0.3686,-0.39244,0.00044574,-0.63283,-1.2288,-0.57191,-0.27674,-1.1337,-0.79067,-0.55722,0.10464,-0.39246,-0.62882,0.047651,-0.66661,-0.58135,1.0167,-0.14697,-0.16713,-0.9573,-0.54422,-0.6701,0.59747,1.2871,-0.82555,-0.34506,0.063006,-0.58133,0.5421,1.548,-0.99163,-0.40795,-0.19468,-0.18278,1.0061,-0.03287,3.1431,0.13841,-0.58997,0.10798,1.3785,0.30343,1.5514,-0.24246,-0.13595,1.1149,-0.089567,0.41255,0.12567,0.0081059,0.59229,0.14589,0.48672,-0.91257,0.15247
0.75981,-1.0928,-0.29188,-0.21318,0.38052,1.0177,-0.49674,0.96587,-0.31968,-1.5249,-0.94805,0.23362,-0.46837,-0.57339,-0.95396,-0.49872,0.34191,-0.23652,-0.54665,-0.52695,-0.40247,-0.64529,-0.84418,0.58139,-0.3219,-1.8614,-1.2025,-0.78384,0.41756,-0.3828,0.14765,-0.44077,-1.3912,0.72962,-0.24459,1.2688,-1.3927,0.1735,-0.2918,-0.43758,0.51226,-0.26581,0.89683,0.26877,-0.038085,-0.62467,2.9522,-0.1458,-0.74007,-0.12462,-1.2405,-1.1471,0.14656,-0.16351,-0.63513,-0.18737,2.539,0.084216,2.4082,-0.13962,1.3816
0.41821,-1.0848,-0.44624,-0.51545,0.58253,1.566,-0.47734,0.47906,-0.28354,-0.94178,-1.1303,0.37689,-0.84503,-0.65112,-0.6154,-0.2755,-0.018741,-0.28369,1.0573,0.36977,-0.45775,-0.4703,0.66948,0.31788,-0.61017,-0.4059,-0.057557,0.86484,0.141,0.92765,0.24724,-0.3274,-0.95576,-0.12763,-0.072975,0.44403,-0.47944,1.2255,-0.17807,0.13524,0.010432,-0.25762,1.4503,0.3279,0.20655,0.0040903,1.0644,-0.14578,1.5839,-0.16254,1.2984,-1.0485,0.014201,0.089985,-0.50477,-0.79534,0.90491,0.05858,0.83371,0.73794,-0.057474
-0.21029,0.63654,-0.77989,-0.40295,0.40353,0.8347,-0.84572,-0.26356,-0.30125,0.17394,-0.28205,0.023242,-0.61875,-0.62953,-0.37381,-0.37756,-0.56035,-0.28715,0.57762,0.24581,-1.0323,-0.52382,0.98466,-0.18683,-0.95118,-0.055026,-0.26931,0.95353,-0.63611,0.59934,-0.35533,-0.35413,-0.97218,-0.82738,0.070207,0.81312,-0.2518,0.20304,-0.020308,-0.071463,-0.2409,-0.17977,3.3073,-0.19934,-0.33655,-0.90932,1.178,-0.25339,1.3871,-0.20842,0.25364,-2.2345,0.0045971,0.17246,-0.096367,0.55795,-0.12755,0.15282,-0.40846,0.029316,0.38467
-0.63218,10.737,-0.70639,-0.36945,-0.29414,0.030011,-1.1275,-0.87878,-0.54582,8.5804,1.9093,-0.53025,-0.21143,-0.52845,-0.63717,-0.55913,-0.07468,-0.2845,-0.72849,0.79555,-1.4638,-1.0296,0.54128,-0.56066,0.046669,-0.6482,-0.40474,1.075,-0.33284,1.8121,-0.61308,-0.6431,-1.3598,0.3486,0.46049,0.051667,-1.1576,0.57576,0.21487,-0.58523,-1.1486,-0.12326,3.7723,-0.38915,-0.52794,-0.26658,0.3364,-0.25636,0.79453,-0.48046,-1.7692,-2.4142,0.065404,-0.34115,0.51225,1.1621,-1.3358,-0.0097127,0.36544,0.16878,-0.00072166
-0.71009,17.995,-0.71487,-0.29609,-0.092288,-0.19582,-1.1546,-0.63983,-0.29858,12.113,4.3801,-1.0336,-0.54097,-0.76776,-0.303,-0.7404,-0.06969,-0.20159,-1.14,0.22021,-1.0477,-0.88225,0.57873,-0.57163,-0.24705,-0.60822,-0.40994,0.99099,0.06894,2.0276,-0.40953,-0.64701,-1.049,-0.39773,0.75271,-0.2861,-1.0518,0.25332,0.24937,-0.6039,-0.50355,-0.25095,3.2565,-0.45999,-0.44437,-0.97331,1.2819,-0.30355,1.1702,-0.48971,-0.37815,-1.1002,0.23242,0.0031125,0.057401,-0.067092,-0.15347,0.56692,-0.48719,-0.14646,0.21631
-0.054965,15.688,-0.26179,-0.20909,-0.5235,-0.27312,-0.87054,-0.48295,-0.16406,11.16,2.8195,-0.3613,-0.14383,-0.69367,-0.63659,-0.49075,-0.72423,-0.45054,-0.9144,1.245,-0.61733,-0.6547,0.67814,-0.45999,-0.20882,-0.24281,-0.10554,-0.4888,0.14943,1.9134,-0.46323,-0.40313,-1.2532,-0.25681,-0.082498,-0.015372,-0.59395,0.043852,-0.081669,-0.57678,-0.7758,-0.20281,3.0818,-0.29054,-0.67051,-0.85716,-0.15407,-0.18823,2.3327,-0.87901,-1.2415,-2.3306,-0.080145,0.132,0.15106,0.10745,-1.2476,0.58329,-0.62334,-0.49734,-0.19617
-0.30727,13.691,-0.62779,-0.45016,-0.78485,0.41012,-0.79758,-0.11688,-0.2768,10.077,2.4647,-0.27044,-0.054523,-0.19168,-0.096349,-0.18099,-0.33852,-0.4483,-1.0506,-0.18527,-0.33609,-0.72099,-0.69068,-0.14867,-0.17639,-1.0113,-0.55365,-0.58117,0.26446,1.7185,-0.67981,-0.28092,-0.28919,-0.094994,0.10527,-0.25408,-0.65592,-0.13755,-0.13199,-0.41353,-0.38974,-0.14885,2.1252,-0.24728,-0.72545,-0.33454,0.42957,-0.32161,1.7782,-0.59707,-0.8113,-0.99757,0.021214,0.090766,0.39372,-0.92339,-0.45596,0.332,0.14419,-0.82007,-0.33678
-0.6143,12.279,-0.61323,-0.72084,-0.74008,-0.097981,-0.721,-0.057478,-0.16744,7.5231,2.2701,0.27556,0.16038,-0.26908,0.26286,-0.43081,-0.89515,-0.24795,1.7129,0.55189,-0.103,-0.73775,-0.52398,-0.35795,-0.62737,-1.0373,-0.73911,-0.19022,0.30993,2.2643,-0.50517,-0.45894,-0.19871,-0.25215,0.27801,-0.18976,-0.65664,-0.48732,-0.36035,-0.11416,-0.95799,-0.12857,2.5854,-0.12332,-0.36587,-0.64354,0.53087,-0.099642,1.8501,-0.0012127,-1.3058,0.22613,0.090199,0.08856,0.2207,-0.81374,-1.159,0.36582,0.074201,-1.078,-0.13343
-0.96126,9.0153,-1.1044,-0.64673,-0.020506,0.049057,-0.79868,0.34649,-0.41913,4.2582,3.4906,-0.27993,0.34064,0.55773,0.37005,-0.38528,-0.46305,-0.22047,3.8543,-0.18046,-0.3438,-1.1658,-2.3381,-0.46986,-0.75207,-2.5299,-1.2273,-0.75933,-0.88637,0.97117,0.083638,-0.54181,-1.2508,-0.36819,-0.12647,-0.33739,-2.113,0.16413,-0.7072,-0.23878,-0.75614,-0.34954,-0.097396,-0.51074,-0.56741,-1.4297,2.454,0.87108,-1.0665,-0.32082,-0.17943,0.16175,0.10092,1.0005,-0.035487,-0.63764,0.215,1.012,1.4589,-0.53892,2.0391
-0.83172,8.6177,-1.0318,-0.31822,-0.0076741,0.033217,-0.77135,0.54846,-0.29379,3.676,4.8232,-0.63755,0.05824,0.4036,0.56724,0.31062,-0.33765,-0.20964,2.4142,0.17884,-0.17713,-0.5259,-0.92446,-0.19618,-0.68206,-2.9064,-1.2511,0.61503,-0.50597,1.6309,0.22679,-0.35873,-1.4236,0.099801,0.057783,-0.24175,-2.5826,0.48559,-0.35748,-0.53088,-0.9653,-0.33613,0.059507,-0.62357,-0.50188,-1.9128,2.4161,-0.029934,-0.44583,-0.29454,-0.6684,-0.64312,-0.159,0.82916,0.11524,-0.4793,0.52274,0.87206,3.3172,-0.56515,1.738
-0.019571,8.3975,-0.82706,-0.28051,-0.40156,-0.51168,-0.59345,0.10044,-0.3051,3.0676,2.9928,0.089161,-0.61847,-0.056095,-0.12921,0.0082698,-0.72471,-0.15417,2.013,0.26946,-0.33341,-0.19149,0.55825,0.14404,-0.50814,-1.1779,-0.050508,1.5443,-0.27654,1.6821,0.49319,-0.46377,-0.82523,-0.37254,0.29562,0.79828,-1.3936,-0.23556,0.07552,-0.78068,-1.0349,-0.26858,2.9962,-0.47962,-0.43915,-1.3876,0.24567,-0.29098,0.92425,-0.15686,-0.19885,-0.70567,-0.10395,0.31502,-0.037247,0.60285,-0.61341,0.36522,1.8816,-0.7089,0.73099
-0.61155,7.0505,-1.0661,-0.53327,-0.39292,-0.78297,-0.66557,0.23806,-0.027132,2.5865,3.1183,-0.82688,-0.44264,0.12695,0.053094,-0.31994,-0.66283,-0.30415,1.9124,-0.73501,-0.3187,-0.49617,-1.5663,0.13635,-0.46788,-1.9506,-0.77603,0.94645,-0.31175,0.049572,0.51783,-0.60044,-0.51827,-0.92724,0.28018,0.40604,-2.0051,1.9052,0.070639,-0.46251,-0.5331,-0.28238,1.4397,-0.1859,-0.56018,-1.7667,1.6186,-0.27451,-1.0457,-0.22978,1.5119,-0.031525,-0.060359,0.35973,0.14294,1.6058,-0.25083,-0.1558,0.36928,-1.1031,0.9104
-0.6163,5.5042,-0.76265,-0.51575,-0.39268,-0.80829,-0.59578,-0.46522,-0.37417,1.205,2.3363,0.19981,-0.41301,0.24195,-0.14318,-0.55628,-0.16913,-0.29608,3.5942,-0.74863,-0.85527,-0.26057,-2.1338,0.42352,-0.37233,-1.6671,-1.3307,0.51465,0.013356,-0.01218,-0.24149,-0.31717,-0.99016,0.010587,0.072258,0.58381,-0.41063,0.82299,-0.18075,-0.28448,0.3543,-0.47885,1.0075,-0.0045178,-0.26673,-0.93543,1.7813,-0.30206,-1.7584,-0.52246,2.7531,-0.30834,-0.22969,0.24246,-0.17191,1.1868,0.61068,0.44033,2.2168,-0.67714,1.1649
-0.51199,5.4042,-0.86531,-0.49614,-0.51175,-0.93174,-0.59809,-0.23582,0.13763,2.4059,1.572,-0.19015,-0.75141,-0.099873,0.012889,-0.59339,-0.24108,-0.49996,2.4959,0.69336,0.13997,-0.6018,-0.26624,0.23845,-0.51772,-1.0049,-1.1162,1.084,-0.37155,1.5871,-0.020987,-0.6117,-0.30283,-0.2564,0.97918,-0.17625,1.0669,0.98466,-0.30519,-0.27108,0.23868,-0.28194,1.8901,0.054193,0.21875,-1.237,0.71287,-0.17314,0.42683,-0.57473,2.6268,0.2685,-0.28096,0.70512,-0.13535,-0.18679,-0.3517,0.039456,0.535,-0.33082,-0.0010402
0.28487,3.7737,0.17019,-0.3121,-0.71371,-1.1047,-0.64497,-0.39912,0.45062,1.7149,0.31629,1.0015,-0.21743,-0.29176,-0.16796,-0.46345,-1.1235,-0.3846,1.0891,-0.54423,0.7426,-0.81543,0.81945,0.039267,-0.70037,-0.66425,-0.63809,1.5656,-0.52318,0.003413,-0.23354,-0.46977,-0.3298,-0.76818,0.28917,0.64724,0.21505,0.6607,-0.40342,-0.4693,-0.37074,-0.18122,2.8017,-0.18773,0.29768,-1.0168,9.6159e-05,-0.12178,0.46355,-0.76303,-0.18353,0.23848,-0.10381,0.25217,-0.17766,1.3754,-1.2412,-0.69025,0.015188,-0.26513,-0.344
0.36888,2.8347,0.42572,-0.24392,-0.94275,-1.0885,-0.66876,-0.58705,0.049815,1.2274,-0.7912,1.031,-0.57608,-0.4252,-0.098586,-0.4135,-1.0753,-0.3605,0.64168,-0.12174,-0.072025,-1.0648,2.2105,0.13385,-0.1551,-0.36638,-0.16427,0.255,0.31144,0.37196,-0.099949,-0.26006,-0.72428,-0.39619,0.26983,0.42783,0.29868,0.32394,-0.2673,-0.51195,-1.0802,-0.21312,3.1265,-0.081217,0.33753,-0.63552,-0.19438,-0.13663,1.7282,-0.26297,-0.16261,-0.94557,-0.16306,-0.1037,-0.2939,1.3132,-0.7848,-0.23136,0.47072,-0.56266,-0.21517
-0.1782,3.1326,0.17617,-0.35756,-0.79211,-1.0024,-0.47647,-0.034767,0.16263,1.5477,0.02902,0.3148,-0.52084,-0.49202,0.10276,-0.61647,-0.62366,-0.43535,0.75567,0.0023103,0.13383,-0.61458,1.1309,0.37864,-0.95559,-0.72615,-0.069122,-0.17124,0.13573,0.32188,0.102,-0.54787,-0.51787,-0.26388,0.31389,0.97251,-0.44453,0.641,-0.45622,-0.25325,0.080934,-0.33103,2.1416,-0.1386,0.32023,-0.92922,-0.45846,-0.20307,1.0556,-0.22149,1.2158,-0.89417,0.1141,0.039424,-0.36508,0.93816,-0.60521,-0.47797,1.1768,-1.1001,-0.3635
0.039745,1.5717,0.055433,-0.34643,-0.70678,-1.0025,0.039491,-0.39595,-0.072578,0.17867,-0.36214,0.043012,-0.027795,0.07023,-0.19664,-0.56874,-0.3215,-0.41846,0.091349,-0.5778,-0.46025,-0.95656,-0.022305,0.082941,-0.83251,-1.1342,-0.27617,-0.34656,-0.11868,-0.67288,-0.43731,-0.17236,-1.3416,0.28581,-0.24725,0.77792,-0.56444,0.36782,-0.58104,-0.45606,-0.69883,-0.16073,0.73646,0.049863,-0.48368,-0.86443,0.93141,-0.28246,-1.0984,-0.41583,2.2451,-2.301,0.24226,-0.13621,-0.28066,3.5497,-0.027502,0.19414,2.508,-1.0137,0.2378
-0.46919,1.8788,-0.43428,-0.555,-0.4717,-1.0232,-0.065027,-0.10161,0.052071,0.88275,-0.23482,-0.37258,-0.1699,0.13738,-0.26552,-0.56952,-0.042225,-0.38269,-0.37416,-0.14164,-0.2522,-0.93717,0.36124,0.39961,-0.79301,-1.007,-0.62989,-0.28084,-0.15554,-0.010074,-0.39339,-0.22594,-0.52668,-0.32405,0.22942,1.3734,-0.73541,0.15778,-0.36054,-0.65722,-0.079483,-0.10623,1.1112,0.11255,-0.45972,-0.77115,2.4701,-0.18939,0.016447,-0.37497,2.236,-1.3398,-0.12453,0.19206,0.1366,1.2954,0.47398,-0.20345,1.3435,-0.58614,0.40694
-0.046331,1.1229,-0.1761,-0.30736,-0.62848,-0.97546,0.42828,-0.13409,-0.07896,0.52969,-0.72881,-0.1907,-0.59729,-0.21979,-0.52277,-0.5375,-0.78436,-0.40045,-0.60934,0.092479,-0.24372,-0.73467,1.2829,0.60567,-0.37271,0.18687,0.060577,-0.61672,0.16118,0.07138,-0.28966,-0.38082,-0.16617,-0.96882,0.4763,2.1691,0.008574,0.0061353,-0.37822,-0.3879,0.85137,-0.24704,2.6558,0.071986,-0.16838,-0.13101,-0.061839,-0.15506,1.3438,-0.263,0.52479,-0.9362,-0.22807,0.13619,-0.34048,-0.24507,-0.18832,-0.76406,-1.3386,-0.44669,0.1432
-0.20416,0.74952,-0.257,-0.39963,-0.87782,-1.011,0.34421,-0.061685,-0.25574,1.3373,-1.1447,-0.13185,-0.089016,-0.40451,-0.29582,-0.58231,-1.0362,-0.44853,-0.60975,0.57397,-0.05008,-0.7861,1.7818,0.51897,0.19691,-0.0046748,0.24004,-0.67477,0.59403,0.55359,-0.006353,-0.55952,0.29772,-0.48596,0.916,0.72103,0.11321,0.49707,0.0088232,-0.31154,0.099092,-0.24823,2.342,0.070016,0.10444,-0.083458,-0.65937,-0.22022,2.1252,0.074201,0.89928,0.48458,-0.16482,-0.20287,0.043548,-0.052768,0.90726,-0.57874,-0.77152,-0.75349,-0.6338
0.37833,0.98691,-0.095551,1.1936,-1.3807,-1.5644,0.97738,-0.22475,-0.56388,1.083,-0.52958,-0.60169,-0.21288,-0.87562,1.2132,-0.15736,-0.93465,0.03337,-0.96482,-0.24105,0.45503,-0.10036,0.61094,0.71514,1.0886,-0.26553,0.77979,-0.55825,1.0753,0.081926,-0.27706,-0.82198,0.46627,-0.76201,1.6907,1.0427,-0.19508,-0.37719,0.5136,-0.66398,-0.019392,-0.39277,2.5233,-0.41653,0.28351,0.84117,-0.091897,-0.094169,4.0514,0.17684,0.20646,0.028929,0.026117,-0.5091,0.50367,0.85626,0.032221,-0.76699,-0.97714,-0.21125,-0.30658
0.76665,0.7572,0.1857,0.51995,-1.1885,-1.5191,1.2488,-0.036763,-0.29711,0.65194,-0.52504,-0.99329,-0.46779,-0.862,1.6271,-0.31682,-0.1165,0.43993,-1.2219,0.88932,-0.03911,-0.2334,1.4556,1.382,2.925,0.10935,1.1947,-0.11373,2.4511,0.9749,-0.79784,-0.73657,0.8787,-0.24364,2.9481,0.5952,0.33355,-0.59554,0.59964,-0.41915,0.26774,-0.24901,1.5209,0.32404,0.2616,2.4427,-0.28507,-0.23195,4.9931,1.1591,0.42066,-0.12076,0.021136,-0.20332,0.24493,1.0301,0.46737,-0.49437,-0.57596,0.058151,-0.29466
0.40568,0.32375,-0.27475,0.98531,-0.73339,-1.4517,0.47145,-0.26301,-0.18051,0.14862,-1.0812,-0.13187,-0.26077,-1.1838,0.34177,-0.5856,-0.34119,0.033961,0.209,0.37675,0.1062,-0.81611,0.085831,0.36595,1.3331,-0.24552,0.53378,0.80507,1.2228,0.014057,-0.15501,-0.52869,0.28329,0.10223,1.7743,0.41347,-0.1821,-0.60544,0.26605,-0.36464,-1.2851,-0.25071,1.6371,0.2155,0.95486,1.3958,-0.50976,-0.2012,3.3299,0.43257,-1.4722,-0.86663,-0.079278,-0.15193,-0.26833,1.0596,-1.1006,-0.67295,0.59861,-0.20022,-0.25082
0.3657,0.25765,-0.34787,-0.12262,-0.77999,-1.2111,0.39425,0.10031,-0.10333,0.35197,-1.016,-0.12937,-0.16939,-1.1228,0.60269,-0.56875,-0.56914,0.0089894,0.42965,0.58313,-0.14238,-0.65125,3.1653,0.44977,0.78214,-0.94025,0.024581,0.78962,1.0777,0.98816,-0.4692,-0.25355,-0.6172,0.019166,1.8324,0.94104,-0.72894,-0.8166,0.068839,-0.2514,-1.0801,0.019147,1.6243,-0.06603,0.25468,1.708,0.27702,-0.081554,2.3807,0.54821,-0.98554,-0.60838,-0.035028,-0.087706,-0.37969,1.7133,-0.90106,-0.5826,1.0499,-0.35354,-0.49893
-0.0016509,0.46057,-0.6861,3.5575,-0.98704,-1.3711,0.053324,0.19811,-0.2443,0.62097,-0.82753,-0.42429,-0.65621,-1.2784,0.23051,-0.61043,0.22327,0.031743,1.353,0.096456,-0.43726,-0.66659,3.9291,0.69651,0.91761,-0.65996,0.19136,0.95323,1.4039,0.38268,-0.46123,-0.14503,0.34126,-0.62245,1.6892,-0.10202,-0.12126,-0.51512,0.45635,0.027992,-0.4383,-0.073128,2.2193,0.25247,0.40845,2.3177,-0.33348,-0.1039,2.6623,0.39717,0.059192,0.32846,-0.099736,-0.17689,0.0045066,-1.0808,0.14829,-0.70684,-0.69476,-0.68195,0.075139
-0.73614,0.32449,-0.34086,6.9962,-1.1265,-1.5168,0.2568,0.4376,-0.38308,0.44621,-0.69581,-0.85767,-0.73976,-0.9348,-0.34428,-0.5536,-0.81933,0.12673,1.0464,-1.0137,-0.38478,-0.78179,0.07406,0.37805,0.51232,-0.033161,-0.00052057,0.9744,0.9351,-1.2492,-0.42875,0.037021,0.2641,-0.75143,0.80468,1.5166,-0.10357,-0.50764,-0.074345,0.24139,0.31379,-0.16319,3.1164,0.14886,0.28483,1.7749,-0.6683,-0.089757,0.76287,0.12081,-0.1291,0.20233,0.12704,-0.39144,-0.24801,0.00074376,-0.17785,-0.74686,-0.81757,-0.012155,0.30747
0.18401,0.080052,-0.003577,4.7913,0.060137,-1.3546,1.9302,0.054312,-0.48639,-0.34425,-0.0053667,-0.24714,-1.107,-0.91087,1.6106,-0.88699,-1.928,-0.19252,-0.32191,-2.2549,-0.3258,0.27668,1.1093,0.22407,0.23814,2.0406,0.51744,0.85981,0.78475,-2.5024,3.0419,-0.2192,0.47744,-0.93938,0.75673,1.7068,-0.059196,-0.90784,1.0821,0.14009,0.64143,-0.29802,1.6731,-0.26454,0.79763,2.2255,-1.0958,-0.11873,-0.55245,-0.12806,0.70206,-0.043032,0.74252,-0.30899,0.17271,1.2286,0.70884,-0.82348,-0.97167,-0.25348,0.003932
-0.3991,-0.38887,3.2349,10.898,0.0037037,-0.65888,1.3596,0.34136,-0.25262,0.049687,-1.0365,-0.27588,-1.261,-1.1095,0.4284,-0.38319,-1.0349,-0.45446,-0.87556,-2.5937,-0.053391,-0.57591,0.050075,-0.11903,0.058155,1.2369,0.49296,1.0906,0.56632,-2.3846,2.5796,0.19872,0.017427,-1.9601,0.77041,0.56438,0.15183,-0.75953,0.66175,-0.36104,0.18312,-0.34223,2.938,-0.039436,0.015296,1.3737,-1.4848,-0.21285,-1.251,0.027785,2.1847,-0.48198,0.088931,-0.71049,-0.27745,-0.20743,0.28378,-0.60722,-3.2387,-0.99746,0.38221
-0.25473,-0.68801,4.5706,10.659,-0.87544,-1.3767,1.3428,-0.26847,-0.15743,-0.3389,-0.8735,-0.98566,-0.95439,-1.0023,-0.99577,-0.72208,-1.4493,-0.43826,-1.1422,-1.6574,2.1493,-0.49026,0.44883,0.26471,-0.14684,1.1113,-0.41367,0.19389,0.18848,-2.2475,1.2034,2.3771,-0.76772,-0.41033,0.36811,0.90597,0.041398,-0.50125,-0.028136,-0.47931,-0.3538,-0.24152,3.4626,-0.0005239,0.017982,1.5398,-0.28313,-0.13233,-0.27718,-0.41188,1.01,-1.3002,0.14125,-0.34601,-0.28206,0.52454,-0.6378,-0.42023,0.35776,-0.67828,-0.47236
-0.21721,-0.65213,1.9176,8.6482,-0.84271,-1.5407,1.2751,-0.67658,-0.030955,-0.5221,-0.73426,-1.1902,-0.8763,-1.3307,-1.2023,-0.79769,-0.46851,-0.19107,-0.97276,-0.54612,1.2002,-0.19864,2.5545,0.5445,-0.22928,0.23421,-0.17519,0.099365,0.73558,-1.0033,0.89442,2.2154,-1.4211,0.58202,0.93056,1.1862,-1.1055,-0.52801,0.30893,-0.42929,0.63649,-0.051285,3.6714,0.25011,0.024072,1.7081,0.020765,-0.14777,1.466,-0.13,-0.46833,-1.7531,-0.015474,-0.31299,-0.060109,0.58593,0.1935,-0.75885,1.0512,-0.61788,0.087493
0.067158,-0.7821,1.679,7.2847,-0.12234,-1.4914,0.37631,-0.46534,0.5477,-0.56335,-0.94888,-0.34046,-0.87859,-1.2968,-0.83823,-0.86081,-0.65745,-0.54234,-1.0057,-1.7007,0.6818,-0.85542,1.8473,-0.29464,-1.4017,0.3896,0.064913,-0.1722,-0.4725,-1.5607,-0.10037,1.5897,-1.1464,-0.032024,0.12508,1.8841,0.30103,-0.89428,-0.37866,-0.36641,0.92673,0.097265,3.6454,0.14959,-0.092313,0.92568,-0.47123,-0.047059,-0.75664,-0.7232,0.36355,-2.1659,-0.096277,-0.37982,-0.40819,1.7053,0.86932,-0.73,1.4675,-0.62154,0.070934
-0.80663,-0.42624,0.75112,6.2385,0.49037,-1.5095,0.13614,-0.34041,0.35042,0.047174,-0.95888,-0.3767,-0.76841,-1.2307,-0.81384,-0.70253,-0.669,-0.48484,-1.0368,-1.1271,0.52957,-0.86473,4.3282,-0.052813,-0.8848,0.87897,0.47126,-0.44621,-0.3162,-1.3734,-0.27081,1.6668,-0.74768,-0.15415,0.42037,1.3471,2.5415,-1.3813,-0.062278,-0.36929,0.61641,-0.041226,3.5215,-0.029981,0.19513,1.042,-0.36047,-0.035449,0.14362,-0.57748,1.3267,-1.778,0.0073765,-0.43559,0.236,0.87654,1.7663,-0.56302,0.30447,-0.77108,0.0063748
3.1349,0.30938,1.0109,9.4582,1.3325,-1.3378,0.0018033,-0.12494,0.27813,0.7493,0.0057227,-1.8066,-1.2462,-0.60758,0.37805,-0.56271,-0.46683,-0.52819,-2.6343,-1.6579,-0.096768,-0.20331,1.6378,0.56416,-1.3305,-0.74667,0.31214,-0.33681,-1.1589,-2.2147,0.58157,0.87793,-0.18038,-0.55149,-0.2843,0.8335,0.52063,-1.1805,-0.56318,-0.62277,0.55572,-0.52795,3.6681,-0.43134,0.81579,-1.949,0.73194,-0.050313,-1.2467,-0.9682,4.0141,-0.79932,0.33651,1.3902,-0.38301,-1.1076,0.58029,-0.48021,0.70133,-0.39256,0.023254
5.5298,-0.39753,0.95638,8.4455,1.4957,-1.7293,-0.014387,-0.91174,0.42452,-0.17304,-0.18828,-1.1868,-0.81306,-0.64273,-0.099205,-0.89638,0.13428,-0.31604,-2.2927,-2.0957,-0.59136,-0.13226,1.3819,0.71239,-1.1622,-0.25969,0.99961,0.69869,-0.72649,-2.0891,0.94835,0.75187,-0.66954,-0.59153,0.11545,1.4321,0.056943,-0.69947,-0.56535,-0.73532,1.7748,-0.40093,2.5877,-0.431,0.4832,-0.4804,0.27386,-0.069086,-1.474,-0.60785,3.2328,0.16213,0.356,1.1743,-0.79413,-0.86739,1.7411,-0.81698,0.80213,-0.10676,0.1492
2.99,-0.64749,1.706,5.6982,4.0745,0.6733,-0.14626,-1.9506,-0.096776,-0.52805,-0.19484,0.3799,1.9614,-0.30631,1.3545,-0.41059,0.74913,-0.38076,-0.34159,-1.1981,-1.0163,0.15083,1.636,1.1293,-1.365,-0.029468,1.8337,-0.68725,-0.85747,-1.249,0.5549,0.86627,-0.66127,1.4412,-0.9245,1.8971,0.69225,0.62443,-1.1676,0.68627,0.15688,0.23456,1.175,-0.03257,-0.50188,1.6097,-0.75042,-0.1802,-1.5973,-0.34741,2.5837,-0.032733,0.10206,-0.24394,-1.0976,0.20541,0.33818,-1.203,3.5728,-0.19819,-0.12575
2.5105,-1.0717,0.095063,4.9643,4.0869,1.9724,-0.40177,-1.3029,0.24679,-1.0894,-1.1161,-0.17762,0.58254,-0.12195,0.52509,0.35509,0.78951,-0.60289,-0.16044,-1.4257,-0.47238,-0.69748,1.6198,-0.15138,-0.98839,-0.13543,1.2112,-0.57655,-0.8692,-1.4197,-0.35391,0.60111,0.39848,-0.28296,-0.079927,1.2233,0.55607,0.85849,-0.92355,0.76026,0.55302,0.083558,1.1194,-0.14738,-0.35985,0.27676,1.0925,-0.17214,-0.56729,-0.55134,4.4744,1.6288,-0.19612,0.22573,-1.3314,-0.58512,0.41075,-0.33134,2.277,-0.19035,-0.024025
1.3944,-0.49101,-0.54274,3.7881,2.8262,1.5831,-0.46893,-0.75381,0.052327,-0.37423,-0.89094,-0.363,-0.25079,-0.46144,-0.32121,0.12515,0.27701,-0.57469,-0.21924,-0.70553,-0.43237,-0.63986,2.1949,-0.1521,-0.48549,-0.22564,0.65632,-0.63311,-0.34077,-0.2637,-0.78926,0.17447,0.13265,-0.40637,-0.085403,1.1534,0.11628,1.0766,-0.67201,0.4408,0.62918,-0.035411,2.6573,-0.23899,-0.35929,0.28134,0.56204,0.039501,0.46407,-0.33702,3.2963,2.2479,-0.098606,-0.17015,-0.93892,-0.71972,0.014057,0.1062,1.6712,0.13937,-0.14681
0.72259,8.7,-0.61844,3.2199,2.4303,1.2335,-0.8381,-0.87685,-0.20146,4.9826,2.6953,-0.77286,-0.70623,-0.9533,-0.34326,-0.21891,1.1246,-0.63995,-0.69359,-0.72115,-0.88622,-0.93488,1.9399,-0.057478,-0.75699,-0.93232,0.15326,-0.04852,-0.0043152,0.23421,-1.051,-0.39025,-0.22213,-0.3813,0.28056,1.0251,-0.33442,0.21319,-0.34657,0.15406,0.39377,-0.25176,3.7683,-0.47816,-0.077088,0.61794,1.1599,-0.17448,0.60987,-0.6043,2.9022,1.8603,-0.1765,-0.44434,-0.79352,-1.0606,0.063911,0.32031,1.6493,-0.41765,0.30335
0.36134,13.612,-1.1127,1.4997,1.9132,0.68177,-1.1538,-1.5065,-0.15869,4.1352,8.4846,-1.1851,0.3766,0.15577,0.13808,-0.44072,1.6844,-0.6073,-1.8745,-0.79631,-1.2847,-0.47799,-0.31462,-0.28172,-0.34117,-0.50631,0.1798,-0.36657,-1.0469,-0.86319,-0.59764,-0.5726,-0.78761,0.018527,0.98842,-0.010429,-0.60697,-0.4608,-0.065105,-0.477,-0.24174,-0.21535,0.91646,-0.8929,-0.29824,-0.84531,4.4317,-0.12253,-1.4858,-0.46882,3.2974,0.9091,0.10217,0.053839,-0.12252,-0.10097,1.1339,1.7863,3.6331,-0.67032,1.4211
0.507,12.059,-0.52653,4.0609,1.7327,0.7123,-1.1871,-0.66675,0.072171,7.8092,5.3696,-0.97137,0.88457,0.63068,-0.4256,-0.44221,0.39188,-0.84943,-2.3645,0.59048,-1.254,-1.3246,1.0596,0.23524,-0.27778,-0.20478,0.25093,-1.0834,-1.1469,-0.41002,-0.49106,-0.71816,-0.32885,0.1269,0.66669,0.22228,-0.14554,0.025816,-0.60966,-0.54251,-0.22015,-0.37176,1.0485,-0.66406,0.082612,-0.96393,1.8372,-0.2622,1.31,-1.0005,3.4283,-0.063386,-0.10497,-0.033486,-0.47673,-0.10639,0.5507,1.7418,2.4584,-0.63385,-0.14234
0.51605,10.253,-0.47741,5.0247,0.86669,0.84607,-1.1059,-0.42736,-0.075734,8.0901,2.3516,-0.19406,0.4034,0.814,-0.95749,-0.41707,-0.14133,-0.70247,-1.7118,-0.028233,-0.90534,-1.623,1.1329,0.12572,-0.26476,-0.33632,-0.23118,-0.45358,-0.69481,-0.41068,-0.62616,-0.94275,-0.72806,-0.086843,0.1559,0.48186,0.18354,0.36816,-0.5523,-0.62305,-0.77302,-0.54115,3.3921,-0.45868,0.091236,0.089941,0.74691,-0.30204,1.4589,-1.0513,2.095,-0.51068,-0.28192,-0.057498,-0.39631,-0.16998,-1.1606,0.92068,0.98105,-0.059879,-0.16525
1.4175,9.9923,-0.6194,3.4445,0.5505,0.38058,-0.58587,-0.67779,-0.12365,7.5883,2.3665,-0.11757,0.51962,3.7086,-0.34128,-0.48967,-0.17003,-0.39867,-0.88355,-0.016535,-0.6132,-0.53593,0.95271,0.16137,-0.073645,0.16052,-0.11499,0.0076492,-0.44587,0.34733,-0.11234,-0.62478,-0.75775,-0.30682,1.0663,0.1626,0.31184,0.011187,0.19236,-0.22301,-0.60827,-0.49638,4.4756,-0.32207,0.41504,0.91288,0.5868,-0.24657,2.31,-0.77859,0.3628,-1.0698,-0.15912,0.21268,1.2356,0.10876,-0.51215,0.32559,0.61906,0.091825,-0.70439
0.70468,9.166,-0.41829,2.7155,0.033908,0.14364,-0.39918,-0.19749,-0.086729,7.1167,1.2837,-0.49714,0.027755,2.3642,-0.40912,-0.50425,0.0093775,-0.4056,-0.70233,0.89039,-0.39648,-0.59188,1.6323,0.61863,0.25081,-0.61111,-0.14306,-0.87105,0.17667,1.0436,-0.47401,-0.75242,0.035627,0.88765,1.2293,0.046266,-0.22696,-0.17407,-0.1545,0.0042283,-0.068262,-0.39,5.1694,-0.25251,0.21946,1.063,0.1251,-0.1665,3.034,-0.40407,0.29208,-0.25198,-0.13948,0.0098486,0.11929,-0.54126,0.23207,-0.16296,1.4881,-0.40806,-0.76318
0.48886,7.586,-0.2661,1.9769,0.24291,0.15902,-0.49808,-0.17081,-0.0020462,5.2799,0.90968,-0.25685,-0.18247,1.5478,-0.47263,-0.44443,-0.29781,-0.41277,-0.62757,0.38277,-0.3116,-0.51487,0.57331,0.26661,0.03083,0.0088688,0.023507,-1.2916,-0.020408,0.53864,-0.6024,-0.69176,-0.15392,1.3081,0.63575,0.18386,0.088042,-0.14621,-0.59778,-0.059335,-0.35829,-0.33121,5.1362,-0.4314,0.28605,0.48783,0.031708,-0.22125,2.8988,-0.59688,0.19589,-0.48738,-0.17194,0.13686,-0.42947,-0.7219,0.21936,-0.25828,1.1105,-0.55042,-0.57596
0.26161,6.8708,-0.51066,1.5474,0.16765,-0.069979,-0.51107,-0.016185,-0.032318,4.1035,0.88261,-0.48967,-0.3497,0.74413,0.068459,-0.51168,0.14671,-0.40955,-0.36229,0.3124,-0.11832,-0.4578,1.7642,0.063682,-0.17592,-0.51072,-0.17517,-0.86771,0.01058,0.29557,-0.78517,-0.64442,0.05639,0.30673,0.22249,0.45139,-0.17061,-0.090634,-0.47652,0.0086993,-0.3627,-0.32863,4.703,-0.12269,0.083098,0.58241,0.03568,-0.2219,2.1679,-0.29599,-0.0050674,0.012045,-0.12313,0.067821,-0.22686,-0.4293,-0.11587,0.12342,0.39221,-0.79095,-0.49018
0.19666,5.5304,-0.4614,0.95547,0.35087,-0.15219,-0.62027,-0.21359,0.044895,3.6272,0.21393,-0.16629,-0.65946,0.13729,0.29923,-0.50325,-0.41535,-0.36417,0.27114,0.39537,-0.15193,-0.82546,0.10605,-0.051569,-0.19765,0.011058,0.14651,-0.77288,0.24348,0.44612,-0.61996,-0.64659,-0.099654,0.58747,-0.011568,0.9241,-0.24765,-0.19914,-0.57463,-0.052255,-0.79664,-0.26229,3.5444,-0.24415,0.16462,0.1788,0.021405,-0.12878,1.9565,-0.58605,-0.50785,0.67191,-0.12256,0.00085682,-0.53193,-0.077557,-0.59793,0.16402,1.4749,-0.68918,-0.22202
0.19112,4.2327,-0.38376,1.0178,0.063112,-0.19662,-0.63666,-0.33299,0.21736,4.3577,-0.28047,0.10234,-0.77996,-0.11212,-0.030845,-0.37569,-0.62202,-0.53226,0.027891,0.27881,-0.29468,-0.92658,-0.95993,-0.29674,0.55864,-0.044288,0.23078,-0.53181,-0.26866,-0.2229,-0.84463,-0.42105,-0.56828,0.078291,0.38775,0.52148,-0.40505,-0.45403,-0.52299,-0.30906,-1.2564,-0.30517,2.1987,-0.36947,0.98335,0.5335,-0.12992,-0.14093,0.56872,-0.7475,-1.0014,-0.78874,-0.00098705,-0.47979,-0.1378,0.98319,-1.2516,0.098992,0.27074,-0.69757,-0.61865
-0.073107,3.9734,-0.27653,0.32914,-0.45755,-0.37652,-0.30842,-0.16833,0.070085,2.3868,1.5044,-0.16161,-0.93665,-0.2974,-0.028907,-0.73837,-0.41371,-0.40243,0.18903,-0.53412,-0.24248,-0.072383,-0.1412,-0.13473,-0.10271,-1.0698,-0.73735,-0.4616,-0.48657,-1.2018,-1.2295,-0.56018,-0.42493,0.33585,0.11854,0.49346,-0.21428,-0.48527,-0.69466,-0.099535,-0.61129,-0.44788,1.6925,-0.44927,1.368,-0.28101,1.0437,-0.029475,-0.43632,-0.29021,-0.084127,-0.76632,0.16547,-0.22596,-0.31067,0.22235,-0.50668,-0.2561,0.77844,-0.15512,-0.14116
0.09086,3.7499,0.67338,0.52278,0.14872,0.25171,-0.33993,-0.46579,0.51123,2.3871,1.5237,0.30976,-0.81592,-0.22816,0.34533,-1.0358,-0.99937,-0.28367,-0.34828,-0.71239,-0.386,-0.1106,0.39599,-0.2697,-0.67739,-0.36946,0.0042948,-0.62083,-0.6424,-0.93467,-0.58832,-0.68205,-0.31712,0.027553,0.03383,0.55538,-0.089185,-0.37139,-0.69511,-0.10621,-0.1264,-0.66674,1.5244,-0.26701,1.0102,-0.7326,1.7729,-0.13298,-0.51887,-0.46438,1.5863,-0.037506,0.26687,0.083059,-0.6659,0.81164,0.11553,-0.18305,1.9936,0.70307,-0.32105
0.25476,2.8489,-0.017225,0.29624,0.24444,0.06055,-0.48295,-0.563,0.6167,1.7832,0.97029,0.08731,-0.238,0.26423,0.69628,-0.82882,-0.35995,-0.33328,-0.31489,0.36927,-0.46447,-0.13889,0.32593,0.090757,-0.57707,-0.47742,0.16007,-0.06651,-0.61966,0.25645,0.28258,-0.59295,0.11996,-0.2488,0.5594,1.2546,-0.82729,-0.30712,-0.43091,0.44643,0.11706,-0.39854,1.2274,-0.13768,0.49487,-0.76881,1.9944,-0.13594,0.23005,-0.39019,2.1047,1.496,-0.032793,0.19417,-0.61617,1.4103,-0.54104,0.0048838,2.4579,0.3633,-0.11876
0.074179,2.5394,0.012777,0.25579,-0.11065,-0.38932,-0.50389,-0.1205,0.22162,2.0101,0.6657,0.30439,-0.33772,0.32953,0.39667,-0.61842,-0.59093,-0.31411,0.17631,0.00041605,-0.017654,-0.24374,-0.1215,-0.1571,-0.3976,-0.76578,0.032114,0.13538,-0.30155,0.24215,0.60724,-0.10546,0.22334,-0.63842,0.81217,0.48426,-0.71882,-0.37013,-0.49519,0.13649,-0.08941,-0.35095,1.3176,-0.4189,0.40076,-0.31004,0.84172,-0.21633,-0.17367,-0.2854,1.1048,0.87935,0.04664,-0.18291,-0.7599,1.6865,0.37952,-0.17281,0.21572,0.07948,0.015853
-0.17194,1.3671,-0.18534,0.22059,-0.38543,-0.58078,-0.62077,-0.46105,-0.11794,3.3158,-0.38706,0.56324,-0.31945,-0.23348,-0.61527,-0.68857,-0.44221,-0.23889,3.5869,-0.53142,-0.64601,-0.91338,-1.8766,-0.073735,-0.88474,-1.4485,-0.23458,-0.35916,-0.56436,0.050903,0.28598,1.8569,-0.051575,-0.043499,0.37581,0.92918,-1.4709,-0.097441,-0.52165,-0.30164,-0.066567,-0.26506,0.88634,-0.41327,-0.22043,-0.37623,1.6219,-0.23599,-1.8756,0.0047207,1.735,1.1707,-0.17184,-0.52413,-0.67937,2.0717,-0.22884,0.42493,2.5588,0.19963,0.29982
-1.0978,1.2126,-0.596,-0.33886,-0.32264,-0.12177,-0.63249,-0.40568,0.03945,2.8692,-0.62932,0.36622,0.54018,0.14247,-0.86881,-0.45243,-0.48479,-0.38504,2.88,0.50964,-0.46276,-0.83437,-0.9635,-0.1843,-0.44336,-0.072872,0.25642,-0.7098,-0.58899,0.61529,0.20384,0.87848,-0.090551,-0.14652,0.27941,0.93754,-0.60937,0.34279,-0.38993,-0.3958,-0.12097,-0.27305,1.3266,-0.33584,-0.0071298,0.033275,1.0958,-0.24995,-0.4411,-0.038547,1.2064,0.37731,-0.26135,-0.063719,-0.49018,1.4607,-0.8137,0.45029,0.84909,0.14014,-0.19814
2.9549,0.63683,-0.39806,-0.048755,-0.37199,0.31733,-0.65756,-0.13762,0.062412,1.6103,-0.71089,-0.82032,-0.28067,-0.47047,-0.70713,-0.60969,0.038837,-0.46644,0.82771,0.23834,-0.4882,-0.97203,-1.0957,-0.26722,-0.43711,-0.39818,0.34178,-0.32768,-0.33458,0.46964,0.16817,0.3446,-0.56646,-0.14432,-0.24111,0.35518,-0.56531,0.3678,-0.54685,-0.61631,-0.21725,-0.31504,1.0365,0.073193,-0.7161,-0.77812,1.064,-0.20106,-0.35651,-0.67907,1.8923,-0.43625,-0.15489,-0.19573,-0.68402,1.0858,0.084086,1.1295,1.0016,-0.33173,0.13795
6.8843,0.66903,-0.70517,-0.037196,-0.79629,1.638,-0.7201,0.045116,-0.08198,1.2427,-0.68609,-1.0678,-0.57577,-0.50223,-0.48082,-0.5527,0.26312,-0.43383,0.90516,-0.23916,-0.098984,-0.80053,-0.50485,-0.046757,-0.47904,-1.1527,-0.1718,-0.24961,-0.5248,0.41543,0.31573,0.13181,-0.33808,-0.68802,0.18223,-0.069606,-0.67092,0.28865,-0.20092,-0.52442,-0.1226,-0.4914,0.34341,-0.1799,-0.65968,-1.2687,1.2418,-0.14968,0.31324,-0.65045,2.763,0.30835,-0.26079,-0.24671,-0.42963,-0.16893,-0.22476,1.0562,0.9224,-0.34544,0.26673
4.2733,0.5085,-0.27814,-0.19999,-1.2519,0.23661,-0.15188,-0.48516,-0.40014,0.00041789,-0.25156,0.53935,-0.2882,-0.35727,-0.31882,-0.59582,-0.54743,-0.2371,2.2019,-0.98874,-0.30021,-0.28599,-0.824,-0.62028,-0.66947,-1.5175,-0.44849,0.39093,-0.11627,0.085882,0.21759,0.074319,-0.51524,-0.71052,0.36154,-0.12183,-1.089,-0.1669,-0.048645,0.10908,-0.83856,-0.30461,1.3259,0.041061,-0.17321,0.27752,0.793,-0.14468,-0.8192,0.044489,-0.37716,0.88621,0.069526,-0.32821,0.10096,-1.0197,-1.3571,0.23603,0.42324,-0.82362,0.56266
3.0989,-0.25088,-0.19257,-0.58557,-0.7286,0.1076,0.41117,-0.68333,-0.20907,-0.54834,-0.61386,-0.21627,0.16766,-0.014585,-0.85311,-0.62706,0.067713,-0.26964,0.98321,-1.0944,-0.76763,-0.74363,-1.0372,-0.56573,-0.90397,-1.4227,-0.28362,-0.1435,-1.0508,-1.1,0.20671,0.10323,-0.76171,0.065999,0.084641,0.053254,-1.1817,-0.22562,0.013587,0.080419,-0.087335,-0.23543,0.25386,0.35747,-0.43346,-0.20558,1.6201,-0.32183,-1.6946,-0.23447,0.46464,-1.2434,-0.060641,-0.17947,0.61156,-0.29664,0.1985,1.1148,2.2967,-0.4109,1.0395
2.1822,-0.52302,-0.58964,-0.39339,0.10977,0.59588,0.032896,-0.81465,0.003837,-0.013917,-1.2436,-0.7866,0.30428,-0.0055522,-1.1592,-0.56232,-0.3956,-0.49967,0.42383,0.20318,-0.64062,-1.1053,-1.5257,-0.38983,-0.16067,0.31972,-0.054594,0.038117,-0.7693,-0.28481,0.13771,0.01528,-0.36296,-0.26258,-0.00016556,-0.33546,-0.0069599,-0.46908,-0.3716,0.30825,-0.17388,-0.41092,-0.25004,0.035998,-0.42859,-0.70124,0.02195,-0.37048,-1.1244,-0.62421,1.9376,-1.3321,-0.26236,0.14841,-0.1059,0.013295,1.5244,1.2737,-0.52637,-0.45674,0.10657
1.5483,-0.37634,-0.72977,-0.20096,-0.70407,-0.15195,0.15984,-0.41818,0.18183,0.020427,-1.0498,-0.6256,0.1266,-0.24787,-0.83108,-0.48659,-0.56049,-0.50401,0.22071,0.44699,-0.63929,-0.79824,-0.83478,-0.22743,-0.028399,0.63266,0.0025592,0.48014,-0.63668,0.5431,0.25793,-0.047707,-0.53506,-0.65316,0.038529,0.20122,0.18929,-0.08989,-0.27204,0.15721,-0.031654,-0.17305,0.51935,-0.022969,-0.23708,-0.01404,-0.21322,-0.23332,-0.09306,-0.43665,1.9638,-0.68367,-0.22267,-0.08356,-0.26227,-0.094679,-0.46862,0.57727,-1.0268,-0.44461,0.2027
1.1237,-0.40491,-0.50755,-0.045526,-0.37936,0.019269,0.39851,-0.34426,0.13688,0.11455,-0.84189,-0.47321,-0.10513,-0.40834,-0.36093,-0.54614,-1.4362,-0.30193,0.054147,0.86102,-0.43004,-0.35353,0.5388,-0.08427,0.25439,1.0182,0.52795,-0.16582,0.34298,0.50184,0.29565,-0.18793,-0.26932,-0.39701,0.11049,-0.22517,0.28443,-0.14109,0.15136,-0.035379,-0.55272,-0.25789,1.4777,0.15464,-0.11136,0.083374,-0.0087815,-0.12874,1.2351,-0.37985,-0.011256,-0.064224,-0.1105,-0.35727,0.45675,0.35866,-0.28376,-0.076835,-1.1519,-0.12357,-0.40105
0.71616,-0.48534,-0.16764,0.049965,-0.19244,0.0053808,0.21421,-0.19642,0.090042,-0.11513,-1.127,-0.25019,-0.28099,-0.83639,-0.14208,-0.63893,-1.2425,-0.27377,-0.095341,0.039349,-0.4298,-0.48815,0.42303,0.17678,-0.0046662,0.378,0.24338,-0.61366,-0.016763,-0.29013,0.22451,-0.1371,0.070935,-0.53226,0.085525,-0.28264,0.0014375,-0.29704,0.11904,-0.069499,-0.50369,-0.27868,1.6759,-0.13731,0.01593,0.096329,-0.40198,-0.065882,0.85867,-0.058301,-0.019134,0.56508,-0.0082585,-0.26822,0.51469,0.041366,-0.49896,-0.1765,-1.0233,-0.22471,-0.26495
0.7143,-0.47238,-0.11325,-0.16079,-0.4855,-0.29928,0.21515,-0.38043,0.13642,0.051893,-1.2015,-0.2804,-0.089103,-1.0124,-0.3681,-0.66645,-0.853,-0.30329,1.7098,0.15861,-0.33183,-0.5275,0.74519,-0.042974,0.35731,0.64963,0.42353,-0.59933,0.54157,-0.19738,-0.29849,-0.2991,0.077047,-0.24661,0.15057,-0.1701,-0.10585,-0.4991,0.15845,0.17415,-0.84868,-0.28736,2.0592,0.050494,0.064723,1.4548,-1.1097,-0.13778,1.4081,-0.43107,-1.4966,-0.15043,-0.24597,-0.15681,0.54779,-0.5939,-0.53695,-0.10593,0.063157,-0.32562,-0.31201
0.037304,-1.4239,-0.10687,0.12654,-0.8352,-0.68696,-0.21195,-0.026706,-0.0451,-1.293,-1.0667,-0.71067,-0.65367,-0.20572,-0.80389,-0.18678,-1.1515,-0.50059,0.54689,-0.67616,-0.51726,-0.62693,-2.7944,0.12356,0.75948,0.74552,-0.03657,-1.1347,-0.042796,-2.335,-0.68236,0.23096,-0.56903,0.10773,0.15698,1.1956,1.2093,-0.33029,-0.84724,-0.22296,-0.48808,-0.19376,0.67594,-0.096868,0.50032,-0.098105,-0.75031,-0.08299,-1.61,-0.33845,-0.58226,-2.0645,-0.046032,-0.021014,-0.52602,0.84318,-0.7839,-0.50041,-1.0482,0.032203,-0.64804
0.40988,-1.0705,-0.098969,-0.23777,-0.70216,-0.59513,-0.28443,-0.29083,0.0020263,-1.1988,-0.84761,-0.28908,-0.52281,-0.28626,-0.32874,-0.42455,-0.75362,-0.40767,-0.0077881,-1.0154,-0.10877,-0.47525,-0.97544,-0.088133,-0.15957,0.74511,0.15565,-1.1273,-0.46128,-2.42,-0.79134,0.14215,-0.67149,0.08963,0.24198,0.8795,1.3405,-0.17741,-0.78246,-0.14731,-0.41155,-0.23512,1.2691,-0.34613,0.041624,-1.0044,0.0014779,-0.049563,-1.0863,-0.28687,0.93192,-1.1341,0.048906,-0.36795,-0.70692,1.5549,0.42219,-0.33125,-1.151,-0.23902,0.43771
0.42402,-0.18868,0.88181,1.4938,-0.053248,-0.47977,-0.28967,0.71775,-0.06647,-0.2933,-0.73334,0.23774,-0.0080511,0.19076,-0.1347,-0.92312,-0.39016,-0.50703,0.3492,-1.2105,0.079037,-0.21594,-0.389,0.25509,-0.67253,-0.69859,-0.46647,-1.0848,-0.93477,-1.884,0.036442,-0.44354,0.31825,0.017235,-0.69519,2.0055,0.23725,-0.6209,-0.58927,-0.13623,3.7483,-0.55929,0.90533,-0.3247,0.75191,0.55964,0.042477,-0.036567,-1.3008,-0.42688,3.0633,0.64146,0.032421,0.70209,0.10377,0.57401,-0.36974,-0.090977,0.93423,-0.49047,-0.24605
-0.17938,-0.37075,1.2163,4.7233,-0.4594,0.10611,-0.28487,2.3266,-0.039968,-0.61358,-0.61176,-0.48158,0.18152,0.55219,1.5319,-0.8991,-1.1195,-0.39834,-0.13021,-1.6555,0.054914,0.47646,-2.7706,0.34278,-0.68748,-2.3235,-0.79273,-0.66509,-1.5745,-2.473,0.48624,-0.34595,0.11838,-0.21848,-0.47785,2.0898,0.35356,-1.2963,-0.57633,0.50317,8.3771,-0.66186,-0.32346,-0.47,0.74898,-1.3352,-0.76013,-0.14765,-3.133,-0.48081,2.6447,0.18126,0.064144,1.0447,0.36852,-0.5516,-0.16716,0.40598,0.31063,-0.21185,-0.58706
-0.19061,-0.19816,2.4595,3.4794,-0.89066,-0.27906,0.04702,3.0554,-0.067557,-1.198,0.7192,0.4569,-0.26778,-0.72714,4.1957,-1.1819,-1.816,-0.12209,0.14657,-2.8512,1.1375,1.4281,-0.4304,-0.44674,-1.1901,-1.1108,-0.45158,0.51246,-1.3213,-2.3479,0.33028,-0.35646,-1.1358,-0.27411,-0.46631,1.6851,0.45592,-0.50167,-0.87995,0.3919,5.6011,-0.70954,2.1446,-0.2223,0.32389,-0.86361,-0.51214,-0.21486,-2.926,-0.69242,1.6304,-0.22276,-0.05917,0.27557,0.049737,-0.76405,0.52248,0.63485,0.65515,0.58318,0.080967
-0.53789,-0.59207,1.7062,2.1361,-0.20605,0.097343,-0.18888,2.3807,-0.045217,-1.4722,-0.64839,-0.014018,-0.50292,-0.40763,1.1357,-1.0937,0.65325,-0.26759,0.48451,-2.7138,-0.17156,-0.13569,0.032657,0.25644,-0.8535,-1.2312,-0.24505,1.5035,-1.1109,-2.0105,1.8731,-0.16931,-0.54683,-0.86788,0.80316,1.0818,-0.82641,-0.15247,0.06587,0.027132,3.8135,-0.46569,2.1308,0.16771,0.68132,-0.079239,2.2413,-0.25976,-2.5398,-0.17548,4.3359,0.77637,-0.11533,0.45708,-0.015759,-0.87643,0.21419,0.54144,1.6186,-0.47629,0.82587
-1.1737,-0.61179,1.1243,0.88784,-0.44321,0.37321,-0.38176,1.1934,-0.23957,-1.4412,-0.72581,-0.34125,-0.59162,-1.0638,0.10802,-0.61683,1.5898,-0.20689,-0.42611,-2.1223,-0.40694,-0.47811,-0.45716,0.16571,-0.85841,-1.3185,-0.14245,0.42678,-0.78579,-1.874,1.6461,-0.12285,-0.846,-0.72258,0.7058,-0.11973,-0.61757,0.067033,-0.1507,-0.39892,1.6414,-0.32439,0.96469,-0.094688,-0.23282,0.11359,2.056,-0.37162,-2.3757,-0.15758,3.7345,-0.43071,-0.20239,0.25196,-0.44074,-0.23443,0.28465,0.82757,0.59553,-0.46289,1.0358
5.5471,-1.0834,0.26392,1.3389,-0.2196,0.90096,-0.6229,1.1159,-0.084089,-0.56586,-1.6183,-1.568,-1.1088,-1.2704,-0.30441,-0.46335,0.98681,-0.29588,-1.8857,-0.62495,-0.51115,-0.87325,0.30143,0.56141,-0.639,-0.60454,0.68171,-0.23615,-1.1715,-0.33495,1.5029,-0.49422,-0.33548,-0.8644,0.2057,0.24367,-0.63521,0.87656,-0.52745,-0.50789,2.1606,-0.50217,0.59503,0.014173,-0.74152,-0.47444,0.18392,-0.23319,-0.66888,-0.33207,5.7585,1.2375,-0.21141,0.34833,-0.59908,-1.1391,-0.19643,0.65047,-0.46908,0.14992,0.68743
5.8345,-1.3351,-0.006579,1.0539,-0.51876,0.33813,-0.53099,0.55757,-0.008263,-0.99128,-1.5746,-0.80937,-0.26872,-0.662,-0.59808,-0.52493,0.22719,-0.3712,-1.345,-0.63709,-0.7067,-0.83427,1.958,0.14317,-0.22042,-0.43208,0.2302,-0.2552,-0.34335,-0.16334,1.1069,-0.35422,-0.0011961,-1.0957,0.061386,0.21489,-0.46995,0.46825,-0.49508,-0.21613,1.7972,-0.30785,2.3761,0.084298,-0.5799,0.60179,0.79608,-0.19712,0.27638,-0.38898,2.9462,1.0899,-0.095746,0.090887,-0.21701,-1.4096,0.23385,0.31175,-1.3243,-0.4512,0.015884
3.0067,-1.2073,0.04532,0.91986,-0.80609,-0.14218,-0.57956,0.31719,-0.14011,-1.0576,-1.2676,-0.4302,-0.38969,-0.38959,-0.46009,-0.38273,0.01334,-0.43102,-0.71803,-0.9325,-0.74074,-0.65319,1.0775,-0.27482,-0.32283,-0.53022,0.02908,-0.70031,-0.51528,-0.78929,0.28119,-0.17745,-0.25258,-0.57286,-0.02946,0.028137,-0.26524,0.60921,-0.63162,-0.40855,0.15955,-0.22962,2.7003,-0.17394,-0.50709,0.33347,0.43468,-0.11812,-0.39428,-0.29592,2.0205,0.38735,-0.14634,-0.027091,-0.58115,-0.62989,-0.42911,1.379,-0.22177,-0.46228,0.25084
2.6072,-1.1765,-0.38396,0.32206,-0.29697,-0.091331,-0.52849,0.061979,0.073316,-0.88371,-1.4725,0.50039,-0.33481,-0.43293,-0.22191,-0.44972,-0.21873,-0.3536,0.61325,-0.90534,-0.70058,-0.63043,1.6946,-0.15675,-0.32145,-0.24466,-0.065358,-0.2886,-0.11097,-0.56579,0.63972,-0.21612,-0.24811,-0.77474,0.17915,0.43857,-0.35037,-0.30574,-0.4499,-0.20857,0.82215,-0.28535,1.6881,-0.19083,-0.15263,0.60117,0.21659,-0.14531,0.060472,-0.42755,2.868,1.1176,-0.15027,0.32265,-0.61196,-0.57013,-0.26766,1.1187,-0.17813,-0.80336,0.13396
1.9461,-1.0372,-0.37744,0.51339,-0.71563,-0.4517,-0.5183,0.29775,-0.21117,-0.57354,-1.2917,-0.18426,-0.0097392,0.021683,-0.44872,-0.35307,-0.10175,-0.27644,-0.30867,-0.71512,-0.40915,-0.50015,0.23834,-0.43241,-0.32508,-0.97791,-0.28313,-0.041905,-0.05146,-0.7253,0.46361,-0.30422,0.15387,-0.74607,0.2973,-0.50517,-0.50974,0.055682,-0.4812,-0.25797,-0.13005,-0.168,1.9727,-0.24188,-0.069389,-0.019358,0.47504,-0.20451,-0.19931,-0.1966,0.93686,1.3415,-0.0865,-0.0089869,-0.34779,-0.77037,0.18083,0.76292,-0.82865,-0.76719,0.22468
1.2814,-0.94105,-0.66026,-0.16984,-0.65591,-0.58642,-0.54627,0.069341,-0.16066,-0.70236,-1.1294,-0.18218,0.20817,1.3832,-0.50207,-0.54021,0.34872,-0.22931,-0.09184,-1.0989,-0.42667,-0.53161,-0.39729,-0.47622,-0.49637,-1.2439,-0.99908,-0.87325,-0.62604,-1.4794,0.0060027,-0.032304,0.17091,-0.28332,0.073643,0.019485,-0.65002,-0.095328,-0.32435,-0.22976,0.26665,-0.12555,0.63169,-0.12623,0.08227,-0.018977,2.2647,-0.20387,-1.2473,-0.13288,2.2005,1.4951,0.11632,-0.061309,0.23768,-0.10646,-0.27533,0.82265,0.72005,0.020183,0.50031
0.54666,-0.65557,-0.65329,0.2813,-0.016889,-0.37537,-0.60111,0.3633,-0.18738,-0.29387,-1.0344,-0.3103,-0.009081,1.1732,-0.47713,-0.48314,0.24616,-0.41221,-0.42729,-1.3921,-0.23,-0.55904,-1.2955,-0.34826,-0.59644,-0.4268,-0.37082,0.86937,-0.86915,-1.4519,0.2738,-0.12456,0.18925,-0.48728,0.26386,0.13278,-0.38004,0.24849,-0.31934,-0.27271,0.46189,-0.12052,1.1841,0.10617,-0.2938,0.24339,1.8289,-0.16451,-1.84,-0.30275,2.374,1.0299,0.00057103,-0.021588,-0.32685,-0.61558,-0.25256,0.82313,-0.24706,-0.1332,0.32066
0.2226,-0.5942,-0.9623,-1.1402,-0.07762,-0.87755,-0.68884,0.18559,-0.13689,0.16203,-0.14359,-0.52851,-0.4409,0.84905,-0.10153,-0.65023,0.14415,-0.26471,-0.44321,-1.4904,-0.4379,-0.16694,-1.0852,-0.41283,-0.83831,-0.41964,-0.41099,2.3878,-0.68511,-1.1482,0.27464,0.56668,-0.44159,-0.94646,0.036638,-0.52141,-0.44155,1.767,0.14198,-0.50398,0.041714,-0.2175,1.2167,-0.22371,-0.25,-0.022254,2.1778,-0.25522,-1.8453,-0.24771,1.3478,1.1172,0.023027,0.12405,-0.22907,1.183,0.31681,0.54986,-0.64955,-0.098807,0.32808
-0.54138,1.4221,-0.41715,3.1848,-0.70659,-0.46467,-0.85647,0.19536,-0.27686,3.3225,-0.33618,-1.1856,0.91003,0.62064,0.34453,-0.68647,-0.33754,-0.27537,-1.1146,-1.3443,-0.74811,-0.5333,-1.9436,-0.4472,-0.71902,-0.68102,-0.51687,1.3242,-0.404,-1.1368,-0.1246,0.55713,-0.46194,-0.84494,0.10795,-0.64922,-0.37802,0.49878,-0.1335,-0.73497,0.021215,-0.35945,1.7932,-0.49862,-0.64527,-0.81121,1.5897,-0.24038,-1.6914,-0.59075,1.8961,0.58869,-0.045522,-0.29429,-0.3547,1.6813,0.19333,0.59033,-0.90381,-0.024766,-0.01407
-0.70565,2.4034,-0.48718,5.9689,-0.49366,0.020689,-0.88284,-0.04037,-0.070359,3.7074,-0.46385,-1.2614,0.11279,-0.3172,0.3524,-0.67445,-0.31438,-0.36239,-0.73807,-0.85509,-0.96254,-0.81892,-1.7608,-0.479,-0.9321,-0.98283,-0.58333,-0.0031421,-0.35331,-0.8528,-0.14398,0.16146,-0.2005,-0.52922,-0.481,-0.19534,-0.5165,-0.12966,-0.60096,-0.35731,0.21868,-0.62482,2.0308,-0.19724,-0.93007,-1.4574,1.067,-0.20942,-0.89327,-0.64108,1.5232,1.1393,-0.1141,-0.22063,-0.95026,0.6234,0.23727,0.5281,-0.027332,-0.17519,0.27379
-1.0672,0.74438,-0.94639,2.7792,-1.1164,1.2324,-0.88211,-0.34799,-0.55665,1.7702,-1.1834,-0.38078,0.0094762,2.4315,-0.89035,-0.064409,-0.72909,-0.42835,-0.2546,-0.14874,-0.57671,-0.87692,-0.43486,-0.86776,-0.88218,-1.2733,-0.89711,0.26438,-0.47516,-0.52565,-0.45986,0.3878,-0.1748,-0.37093,-0.41659,-0.16943,-0.7031,-0.2205,-0.25899,-0.3554,-0.75957,-0.37738,1.2049,-0.17919,-0.46047,-0.51279,1.0003,-0.16678,0.16469,-0.4006,-0.85641,0.69621,-0.20244,-0.76673,0.40557,1.5111,-1.2238,0.53909,-0.22696,0.3117,-0.17239
-1.477,1.6518,-1.0448,2.6174,-1.3176,0.95699,-0.71263,-0.1877,-0.47818,1.7592,1.5185,-0.61245,0.27826,2.8069,-0.47463,-0.17927,-0.86639,-0.35842,-0.58936,-0.19703,0.31831,0.13844,0.14494,-0.041339,-0.32501,-1.488,-0.86946,0.27425,-0.28696,-1.1239,-0.38935,-0.00085984,0.27991,-0.31486,-0.14808,0.20887,-0.59055,-0.65982,-0.22256,-0.39264,0.29463,-0.48902,1.3235,-0.59191,-0.22652,-0.8141,0.51469,-0.17333,0.71397,-0.34083,0.22398,1.6823,-0.18237,-0.57827,0.020377,0.27124,0.25782,-0.47111,0.24775,0.14493,-0.80849
-1.0714,0.79595,-0.95484,1.2999,-0.99319,0.87149,-0.46832,-0.31029,-0.28324,0.21253,1.0902,-0.45966,-0.52969,0.83899,-0.58797,-0.27881,-0.46287,-0.44117,1.8713,-0.60167,-0.10918,0.15966,1.5439,-0.22889,-1.0218,-0.79849,-0.33279,-0.069312,0.3138,-0.63567,-0.36986,-0.026604,0.098741,0.20318,0.12207,0.44889,-0.1794,-0.57428,-0.56093,0.055195,-0.18828,-0.48009,2.846,-0.25253,-0.015953,-0.35297,0.05658,-0.13652,0.092346,-0.18464,-0.4801,1.5349,-0.20667,-0.2472,-0.47641,0.34352,-0.037362,0.02627,1.5314,-0.68511,0.17306
-0.94461,0.61208,-1.2993,1.3433,-0.50384,0.66223,-0.62243,-0.093938,-0.016287,0.41325,0.76797,-1.3973,-0.16584,1.0716,-0.4993,-0.39289,0.23101,-0.32613,1.3642,-0.78898,0.059584,-0.12544,-0.21601,-0.41672,-0.72666,-1.1402,-0.6618,-0.50588,-0.2602,-1.1576,-0.29813,-0.12108,0.078934,-0.2481,0.47204,-0.15961,-0.29116,-0.16464,-0.383,0.026226,-0.026746,-0.42413,1.5737,-0.38482,0.08263,-1.5919,2.2479,-0.24459,-0.7537,-0.021823,0.73826,1.316,-0.13179,0.07518,-0.36256,0.33297,1.5768,0.7804,1.2759,-0.92109,0.52715
-0.73654,-0.88455,-1.243,0.50065,-0.69948,1.6266,-0.68427,-0.30066,-0.34265,-1.3357,-0.72352,-1.0954,-0.4296,0.93255,-1.2591,0.32919,0.32138,-0.44595,0.43033,-0.081055,0.28268,-0.90594,-0.48682,-0.92372,-0.77039,-1.5081,-1.181,-1.0565,-0.51779,-0.74533,-0.58748,-0.054822,-0.67547,-0.12589,-0.66163,0.09562,-0.1323,-0.22387,-0.63552,-0.49681,-0.075879,-0.029325,0.0019387,-0.36903,-0.86684,-2.0637,0.84076,0.0040963,-0.70947,-0.026789,0.36887,-0.28101,-0.24746,-0.2019,-0.19015,1.712,0.25403,1.4986,-0.49819,-0.43395,0.9314
-1.2059,-0.30682,-1.0199,0.48743,0.43173,2.2755,-0.57481,-0.015582,-0.61892,-0.12136,-0.34507,1.1144,-0.032434,0.5842,-0.91545,0.46438,0.33383,-0.3241,1.3765,-0.60202,-0.085715,-0.69095,-1.6667,-0.77347,-0.30753,-1.0899,-0.71913,-0.54421,-0.47355,-0.9815,-0.2079,-0.31851,-0.46316,-0.42383,0.27611,-1.6544,0.014183,-0.73769,0.045485,-0.41246,-1.3951,-0.061898,0.45802,-0.13092,-0.71199,-1.0418,1.3526,-0.26134,-1.8604,-0.10169,0.1878,0.041091,-0.18312,0.074189,0.37585,-0.52596,-0.33209,1.7437,0.06273,-0.44475,0.55039
-1.4394,1.0108,-0.74894,-0.079748,1.5816,1.7703,-0.81577,-0.27928,-0.58523,2.2115,0.29524,1.394,-0.21777,0.14984,-0.61597,0.18508,0.2824,-0.51643,1.2743,-0.34229,-0.61988,-0.72859,-0.32212,-0.76666,-0.58703,0.47849,0.024269,0.72169,-0.63776,-0.60706,1.2038,-0.44191,-0.55723,-0.34172,0.50033,-1.2163,0.55555,-0.1469,0.12842,-0.61574,-1.4728,-0.40233,0.49176,-0.21827,-0.3022,-2.1544,0.084657,0.24638,-0.10312,-0.55065,0.59831,0.58039,-0.32473,0.48744,-0.36194,-0.26278,-0.09274,1.386,-0.28654,-0.3144,0.8894
-0.92905,1.1167,-0.70357,-0.17331,0.96637,1.422,-0.71294,-0.24745,-0.39873,2.9722,-0.8528,1.5019,-0.34852,-0.22241,-0.9154,0.099231,-0.58743,-0.28137,0.57252,1.6348,-0.31523,-0.963,0.36473,-0.62431,0.3438,0.65635,-0.17149,0.45174,0.35898,2.6727,1.1108,-0.43097,-0.051084,-0.34443,0.35905,-1.0625,0.83834,-0.36635,0.5364,-0.56732,-0.46069,-0.47008,1.7007,0.20435,-0.15232,-0.069839,-0.67427,0.60595,1.6301,-0.52247,-0.12997,1.2792,-0.30752,0.6418,0.48928,-0.54413,-0.10434,0.29604,-1.6363,-0.064819,0.27894
-0.9613,0.31107,-0.39075,-0.14179,0.40146,1.7566,-0.69482,-0.66797,-0.51489,0.79629,0.085023,0.66218,-0.2512,0.22793,-0.48184,0.022628,0.018558,-0.43489,0.1378,-0.10528,-0.4907,-0.45676,0.43424,-0.29327,-0.083484,-0.40364,-0.2464,-0.24971,0.075555,0.38803,0.43608,-0.091255,-0.5981,-0.30231,-0.16016,-0.47691,0.079803,0.0041651,-0.083804,-0.36626,-0.39646,-0.40961,0.55386,0.074209,-0.2618,-0.93038,0.32736,-0.077754,0.30682,-0.59878,0.29244,0.11527,-0.16214,-0.048538,-0.20388,-0.71751,-0.26826,0.67659,0.10194,-0.52765,0.3235
-0.85168,-0.22231,-0.3434,-0.22119,0.18552,1.893,-0.69166,-0.69154,-0.47598,0.17027,-0.22348,0.69084,-0.56817,1.0954,-0.30993,-0.023228,-0.77122,-0.59864,0.0038628,0.13712,-0.5265,-0.33595,0.74341,-0.030949,-0.08871,0.40444,-0.17674,0.29239,-0.25425,0.2269,0.45645,0.034916,-0.42214,-0.59173,-0.44645,-0.23917,0.76272,-0.21616,-0.028868,-0.65323,-0.7206,-0.39765,1.5205,-0.10137,0.080604,-1.1648,-0.96337,-0.059095,0.92312,-0.6982,-0.28801,-0.60387,0.0012539,-0.09686,0.25544,-0.077216,-0.88894,0.34357,-1.0132,-0.33951,-0.24968
-0.5001,0.54203,-0.33869,-0.16292,0.24727,1.6776,-0.69217,-0.36014,-0.27688,0.98426,0.33209,0.12826,0.13682,0.6948,1.0757,-0.31879,-0.028816,-0.32279,0.19123,0.25262,-0.17423,0.065802,-0.39362,-0.036294,-0.27162,-0.41301,-0.36547,-0.13891,-0.82859,0.9026,0.25638,-0.4427,-0.73223,-0.14712,-0.34019,-0.52602,-0.28798,-0.24066,-0.20973,-0.34605,-0.53161,-0.32749,2.2167,-0.34227,-0.24127,-1.3554,1.9404,-0.23937,0.22198,-0.27849,0.95758,-0.098995,0.10395,-0.058867,0.089355,-0.24106,-0.23155,-0.27049,1.1824,-0.52924,-0.03577
-0.38963,-0.2615,-0.54433,-0.30786,0.1312,2.1064,-0.73074,-0.42069,-0.29367,0.2616,-0.58062,0.17302,0.59624,2.0021,0.28043,-0.35238,0.19063,-0.28259,0.35825,-0.12335,-0.44925,-0.76287,-0.48793,-0.5755,-0.25774,-0.91301,-1.0777,-0.77434,-0.71819,0.49217,-0.31699,-0.031321,-0.94124,-0.64827,-0.55985,-0.46275,-0.28229,0.081788,-0.14738,-0.41218,-0.66332,-0.23307,0.44964,-0.30032,-0.58501,-1.7854,2.482,-0.16308,-0.065348,0.10766,1.7385,-0.45761,0.00058964,-0.19821,0.70929,-0.21271,-0.87376,0.29354,0.52734,-0.29233,0.45991
5.7676,-0.0072772,-0.73566,1.0209,-0.19578,1.3741,-1.0568,-0.11752,-0.25956,-0.024009,0.64968,-1.4265,-0.62202,0.89966,0.24055,-0.44448,-1.0146,-0.42577,-1.896,0.51114,-0.61378,0.51273,-0.15526,0.4001,-0.18257,-0.12992,-0.3454,-0.44502,-0.4909,0.43026,-0.47425,-0.84056,-0.56288,-0.81765,-1.1319,0.63281,0.22444,0.37015,-0.54881,-0.78721,-0.02319,-0.48253,0.68728,-0.78389,-0.77901,-2.6921,0.20858,-0.14092,1.0813,-0.21677,1.9873,0.16402,-0.2122,-0.029863,-0.16752,0.65941,-0.2471,1.2174,0.72539,0.011809,-0.020367
5.3991,0.23609,-0.44996,0.012602,-0.42795,0.73996,-0.8558,-0.77597,-0.44287,-0.80464,1.2474,1.0119,-0.34383,0.90239,-0.048683,-0.65363,-1.3147,-0.32563,3.8632,-0.29785,-1.0605,1.2897,-0.70345,0.31733,-0.44071,-0.95363,-0.9949,-0.61766,-0.74752,0.62558,-0.6022,0.7434,0.07513,-0.77937,-0.51213,1.025,0.06982,1.363,-0.80577,-0.69616,0.65498,-0.35747,0.58881,-1.0376,-0.1486,-1.5261,-0.27408,-0.076834,-0.6475,0.0020823,1.0725,1.4491,-0.2186,-0.44756,-0.4689,0.91365,-0.28801,0.87706,1.1065,0.026103,0.33974
3.3256,-0.46183,-2.1072,-0.95884,0.0024064,1.1155,-0.62977,-1.1091,-0.072431,-1.2153,0.089825,1.0517,-0.020565,0.90819,-0.74828,-0.68574,-0.25889,-0.39808,6.4451,-0.64817,-0.92985,0.58941,-2.2396,-0.372,-0.35399,-1.3038,-0.91602,0.11786,-0.91409,-0.025402,-0.4048,2.7813,-1.1676,1.0213,-0.079092,-0.52289,-0.42817,0.73319,-0.59084,0.089876,0.58476,-0.24467,-0.043856,-0.77544,-0.21016,-1.5982,3.3847,-0.24495,-2.4205,-0.364,1.7158,0.25543,-0.26446,-0.051443,-0.36508,0.12731,0.24567,0.47713,1.9815,-1.0785,1.027
2.2146,-0.58572,2.2349,-0.30144,0.89129,1.2002,-0.78811,-0.59852,-0.27956,-0.66543,-0.24927,1.0839,-0.27411,0.3191,-0.32245,-0.64658,-2.1102,-0.56434,3.5463,0.49815,-1.243,0.12138,-1.7722,-0.3487,-0.46507,0.15685,0.4741,0.34067,-0.68114,0.37321,-0.2529,1.1088,-0.86949,0.14551,-0.31786,1.3511,-0.14356,0.23766,-0.87828,-0.31134,0.46725,-0.14044,0.28075,-0.52125,-0.41757,-2.866,1.4683,-0.11882,0.46766,-0.53287,1.0717,-0.57975,-0.19838,-0.064704,-0.69636,2.1444,-0.55368,0.36634,-0.35329,-0.59849,0.20378
1.4074,0.036125,5.7505,-0.36495,0.63522,0.73563,-0.8888,-1.087,-0.38345,0.22463,0.15694,1.1154,-0.2251,-0.47615,0.89361,-0.95568,-1.6415,-0.33973,3.4838,-0.34086,-1.1219,0.11487,-0.32096,-0.51379,-0.69689,0.33884,0.27615,-0.10158,-0.2158,0.22284,-0.51616,1.0401,-0.46522,-0.93079,0.062851,0.42674,0.43283,-0.16157,-0.70829,-0.76901,0.34122,-0.41874,1.4887,-0.93777,-0.49668,-2.2108,0.65358,-0.13724,1.074,-0.42451,1.1094,-0.53366,0.061379,-0.22979,-0.8587,0.58926,-0.17496,0.31497,-1.3712,-0.65032,-0.23695
1.1288,-0.58969,2.2317,-0.26728,0.64447,0.93893,-0.80296,-1.1302,-0.21299,-0.39835,-0.5177,0.0044456,-0.22111,-0.32173,0.032477,-0.75183,-0.74146,-0.44874,2.1058,0.097142,-0.74539,-0.24369,-0.53636,-0.55443,-0.56507,-0.35285,-0.011586,-0.62293,-0.3281,0.053255,-0.63729,0.63639,-0.46117,-0.13723,-0.059248,-0.17725,0.0091268,-0.25011,-0.87054,-0.45823,-0.68339,-0.3275,1.859,-0.75366,-0.42153,-1.8555,0.66184,-0.22432,0.46856,-0.25511,-0.24211,-0.52622,-0.039184,-0.10545,-0.67404,0.70892,-0.4752,0.00086623,0.12649,-0.99225,0.018465
0.77041,-0.72456,1.6628,-0.37626,0.48905,0.38267,-0.70065,-0.61513,-0.31538,-0.7217,-0.58394,0.28553,0.0305,0.19497,-0.26483,-0.65659,-0.85258,-0.21427,1.4916,-0.86337,-0.5536,-0.34768,-1.115,-0.15835,-0.46737,-0.62323,-0.082081,-0.65385,-0.56057,-1.4969,-0.20945,0.43393,-0.23738,-0.61965,0.011802,0.3146,-0.14571,0.20037,-0.53995,-0.42678,-0.18975,-0.26618,0.91483,-0.36039,-0.4333,-1.0326,0.72065,-0.21799,-1.0526,-0.48941,1.0999,0.015122,0.20102,-0.13971,-0.35852,1.6053,-0.22196,-0.072311,-0.013417,-0.29739,-0.081689
0.57048,-0.71915,0.70213,-0.31885,0.63746,0.23186,-0.68891,-0.10787,-0.21568,-0.63828,-0.53589,-0.2482,0.36995,0.14805,-0.44356,-0.76053,-0.55966,-0.06428,1.0568,-1.1977,-0.20722,-0.27472,-1.3882,-0.28319,-0.50609,-0.21363,-0.11227,-0.76803,-0.91927,-2.1958,-0.39939,0.13662,-0.28082,-0.50493,0.25381,-0.27461,0.003532,0.25643,-0.47876,-0.31274,0.031734,-0.31629,0.59436,-0.22399,-0.36071,-0.96108,2.1967,-0.36075,-1.4211,-0.33302,3.068,1.0809,0.18301,-0.056976,-0.36361,0.57342,-0.048083,-0.27692,-0.064194,-0.24084,0.32202
0.32182,-0.90121,0.21436,-0.20398,0.53621,0.055545,-0.6522,-0.22808,-0.10679,-0.7053,-0.78786,-0.2751,0.15766,-0.027974,-0.62563,-0.50145,-0.16449,-0.32573,0.58363,-0.49686,-0.2911,-0.43451,-0.64836,-0.68638,-0.41448,-0.0034299,0.19145,-1.3657,-0.64711,-1.2175,-0.60061,0.053637,-0.39599,-0.62851,0.32027,-0.23111,-0.2261,0.074854,-0.49843,-0.31149,0.2016,-0.16204,1.0206,0.097906,-0.31684,-0.81255,2.1084,-0.31963,-0.51189,-0.18019,2.2099,-0.030005,-0.01601,0.1534,-0.39761,0.26202,-0.003118,0.26426,-0.36043,-0.62456,0.32122
0.22582,-0.70251,0.068703,-0.10215,0.42878,-0.037057,-0.65723,-0.10847,-0.054688,-0.92568,-0.49149,-0.35251,-0.19034,-0.40099,-0.59848,-0.32459,0.61735,-0.34713,0.37351,-1.1015,-0.37803,-0.33952,-0.74213,-0.93114,-0.74124,-0.35455,-0.15756,-1.0982,-0.6916,-1.1893,-1.0209,-0.1035,-0.41998,-0.26559,0.43239,-0.53495,-0.5926,0.3993,-0.56566,-0.50726,0.86917,-0.18936,0.69145,-0.17854,-0.12812,-0.42906,2.993,-0.27942,-1.4834,-0.34536,3.1434,-0.20187,-0.061603,0.18245,-0.56596,0.26716,-0.11146,1.2407,1.1353,-0.89636,0.65996
0.26504,-0.11654,0.32003,-0.15593,-0.16346,-0.68685,-0.67301,-0.4645,-0.34599,0.31748,-0.3412,-0.0043712,0.014546,-0.46696,-0.15147,-0.31448,0.10328,-0.33662,0.45518,-0.093831,-0.2022,-0.20124,0.1871,-0.88228,-0.38153,-0.61618,-0.37343,-0.8282,-0.49703,0.30148,-0.86132,-0.12305,-0.17208,-0.12092,-0.13175,-0.19829,-0.63173,0.34828,-0.23559,-0.40545,0.6319,-0.16009,1.0506,0.011963,-0.16656,0.094351,1.9305,-0.27843,-0.38515,-0.41135,1.5162,0.012864,-0.21517,0.42804,-0.10725,0.10491,0.24801,1.3342,0.015938,0.022638,-0.34101
0.52348,-0.19224,0.35273,-0.21526,-0.27771,-0.87474,-0.66203,-0.025152,-0.16518,0.3873,-0.6064,-0.47419,-0.11498,-0.058674,-0.4201,-0.48706,0.87977,-0.21742,-0.34904,-0.017997,0.11311,-0.4007,-1.6147,-0.92193,-0.37005,-1.4737,-0.89384,-0.58758,-0.62827,0.31412,-0.70805,-0.0063215,-0.57951,-0.21895,-0.64993,-0.18563,-1.1629,0.33454,-0.53484,-0.28412,1.0744,-0.30587,-0.53323,0.3279,-0.71188,-0.86708,1.5946,-0.31196,-1.2419,-0.42149,1.0545,0.47662,-0.12538,0.23472,-0.31018,-0.18015,0.49203,1.4804,-0.59008,0.63877,0.096845
0.43821,-0.86376,1.0869,-0.0222,-0.042965,-0.59076,-0.74977,2.4643,0.38341,-0.14348,-1.2587,-0.69017,-0.18086,-0.18074,-0.88641,-0.38487,-0.50422,-0.30569,-1.0341,0.73532,0.77864,-0.76138,-1.348,-0.77422,-0.55434,-0.12723,-0.53769,0.034731,-0.074537,1.965,-0.21947,-0.13617,-0.4273,-0.23081,-0.58081,0.071199,0.15845,0.16296,-0.43834,-0.28964,0.99258,-0.33548,0.36024,0.29941,-0.59431,-1.7214,-0.07501,-0.15661,0.21065,-0.2294,1.0645,-0.094849,-0.21254,0.16833,0.056319,-0.83063,0.30633,1.0213,-1.4652,0.36449,-0.48995
0.11801,-0.37209,1.2453,0.03208,-0.44514,-0.78498,-0.67822,1.1915,0.25396,-0.15523,-0.50122,-0.066018,-0.41452,0.75237,0.37328,-0.42869,-0.85612,-0.38769,-0.66422,-1.0219,0.25876,-0.36895,-1.7767,-0.73258,-0.68729,-0.364,0.062414,-0.62159,-0.86191,-0.48709,-0.053246,-0.048139,0.0066788,-0.8524,-0.77024,0.50509,-0.41809,0.4308,-0.5803,-0.50526,0.28847,-0.24527,1.0034,-0.30032,-0.44698,-1.8112,0.91984,-0.32241,-0.90019,-0.73018,2.0123,-0.1206,0.2678,0.13428,-0.071608,0.58272,-0.43889,0.64237,-0.93001,-0.30697,-0.31444
0.0029877,-0.44022,0.86268,-0.023261,-0.44762,-1.0712,-0.61444,1.263,0.0082542,-0.17874,-0.81551,-0.050501,0.38417,0.022798,0.28303,-0.5689,-0.63554,-0.19967,-0.016932,-0.35136,0.076395,-0.53976,-1.1151,-0.22171,-0.16572,-0.28572,0.042573,-0.31527,-0.47544,-0.41838,-0.067484,-0.019561,-0.21244,0.062974,-0.48662,0.38105,-0.62695,0.24534,-0.38671,-0.43135,0.40913,-0.30816,0.91702,-0.19584,-0.38085,-1.5311,0.65947,-0.2514,-0.20205,-0.092892,1.9783,0.05696,0.17104,-0.088907,-0.011832,0.12297,-0.40451,0.30989,0.20118,-0.24803,-0.14594
0.48619,-0.65142,0.71281,0.31978,-0.66648,-0.70708,-0.5173,0.56289,-0.10959,-0.18278,-0.64762,0.12922,0.28295,-0.14502,0.50907,-0.46255,-0.56359,-0.21911,0.95611,-0.19982,0.032518,-0.087657,-0.027119,-0.17094,-0.49146,0.079529,0.031075,-0.93357,-0.41038,-0.4196,-0.35012,-0.32922,-0.85641,1.2962,-0.35372,1.6384,0.10139,-0.0068795,-0.55394,-0.17043,0.60356,-0.17389,0.94367,-0.051485,-0.024651,-0.4984,0.32239,-0.15652,-0.10064,-0.18548,0.8,-1.0167,0.053111,-0.38897,-0.26673,1.2831,0.67369,-0.0091839,2.6397,-0.70557,-0.069759
-0.070709,-0.77055,-0.040577,-0.096246,0.66678,-0.65864,-0.4947,0.25825,-0.2285,-0.97425,-0.59829,2.564,0.3185,0.098657,0.24244,-0.87031,-0.13973,-0.11546,6.23,-2.2816,-0.097009,-0.45028,-3.6797,-0.56367,-0.84099,-0.64843,-0.64347,-0.52786,-1.24,-1.768,-0.22052,0.71888,-0.70468,-0.21513,-0.0092151,-0.54152,-0.2376,-0.5794,-0.93604,0.046634,-0.28494,-0.47167,-0.037565,-0.63649,-0.45177,-0.44799,1.8154,-0.13258,-4.2994,0.48892,3.0843,0.63035,0.47279,0.29932,-1.1378,-0.0069946,1.1717,-0.21951,0.84152,-0.79844,0.84633
0.022024,-1.3959,-0.60952,-0.13896,1.5549,-0.91548,-0.63511,-0.14803,-0.049687,-1.2812,-1.5636,3.2447,-0.049273,0.12442,-0.19488,-0.57556,-0.65993,-0.44502,6.2614,-1.3446,-0.38059,-0.96104,-2.4448,-0.67897,-0.26056,1.1322,-0.057304,-0.26727,-0.86727,-1.0624,-0.17442,0.91067,-0.27615,-0.75324,0.23559,-0.12261,-0.11207,-0.31546,-0.75186,-0.32144,0.24139,-0.32096,0.60442,-0.66775,-0.45607,-0.77133,0.94329,-0.052531,-2.5552,-0.046281,2.3424,0.15276,0.10064,1.1423,-0.74664,0.57102,0.46915,-0.19832,-1.0214,-0.43391,0.092083
0.51127,-1.3362,0.13621,-0.16397,0.72225,-0.73371,-0.63351,-0.19072,0.030947,-1.3908,-1.5226,3.4008,-0.074157,0.7399,-0.34834,-0.4543,-0.38272,-0.39954,3.9512,-1.1917,-0.31964,-0.89426,-2.0835,-0.15741,0.2264,0.27523,-0.020366,-0.65453,-0.53917,-1.5228,-0.28617,0.2108,-0.099014,-0.68391,0.32998,0.54942,-0.94687,0.0015254,-0.644,-0.29922,0.78655,-0.28723,0.26703,-0.5185,-0.13529,-0.013127,1.5103,-0.19811,-2.3105,-0.35815,2.0449,-0.42587,0.041286,0.63997,-0.87524,0.27205,0.20509,-0.051515,0.10407,-0.61166,-0.022761
0.04971,-1.2999,-0.20898,-0.12737,0.5487,-0.88416,-0.65517,0.040916,-0.2001,-1.2179,-1.521,1.9675,0.12287,0.31303,-0.27656,-0.45443,-0.22116,-0.39432,4.4352,-1.2058,-0.13311,-0.94379,-1.1359,-0.29721,-0.38897,-0.51331,-0.49896,-0.31141,-0.58223,-1.6708,-0.43087,0.22491,-0.23118,-0.33312,0.1647,0.36995,-0.75458,0.050809,-0.62151,0.021523,0.58115,-0.29753,0.32843,-0.58726,-0.094593,-1.4934,1.799,-0.23731,-1.8319,-0.23926,3.0071,0.18255,-0.043846,0.84434,-0.89199,0.16676,0.17609,-0.1104,0.95297,-0.6938,0.34976
0.13756,-1.1691,-0.27406,-0.25056,0.21141,-0.83587,-0.64904,-0.37433,-0.061798,-1.1139,-1.3016,1.8868,-0.21274,0.021541,-0.072283,-0.36765,-0.50417,-0.30815,3.1079,-1.4229,-0.38293,-0.72354,-0.70412,-0.43721,-0.10867,0.43823,-0.14311,0.22511,-0.51211,-1.2939,-0.72354,-0.018223,-0.6465,-0.37504,0.067242,1.0326,0.44295,-0.1403,-0.17387,-0.27362,0.45052,-0.076868,0.065067,-0.28353,-0.18435,-0.68122,-0.32434,-0.12385,-1.5725,-0.53432,1.6157,-0.81067,-0.046354,0.7722,-0.55164,0.41304,0.45088,-0.10957,-0.85496,-0.26205,0.1902
0.079887,-1.1539,-0.45364,-0.18578,0.72225,-0.74877,-0.70397,-0.58865,-0.28862,-1.1732,-1.1248,0.74098,-0.20494,0.023851,-0.057392,-0.60278,-0.18004,-0.2585,3.2653,-1.4872,-0.5984,-0.59624,-0.15246,-0.5064,-0.70734,0.49738,-0.46883,-0.39441,-0.72002,-1.1052,-1.3815,0.19394,-0.37736,-0.41046,-0.26163,0.81948,0.53826,-0.099284,-0.88389,-0.20799,-0.024672,-0.17305,0.010148,-0.4835,-0.64478,-1.7468,0.084463,-0.099903,-1.834,-0.47424,2.1647,-0.50856,-0.039673,0.45596,-0.93618,0.89687,-0.61209,0.43525,0.14595,0.28566,0.34855
0.0048782,-1.3587,-0.40279,-0.1138,0.362,-0.54873,-0.60213,-0.30952,-0.33564,-1.3202,-1.3408,1.3562,0.17409,-0.26774,-0.31111,-0.43081,-0.74089,-0.4135,2.0918,-0.77436,-0.45681,-0.77339,1.4148,-0.17838,0.097264,3.046,-0.48873,0.055741,-0.43634,-0.52463,1.0248,-0.095989,-0.81525,-0.69522,-0.42302,1.4791,0.4078,-0.31741,0.47845,-0.61141,0.38158,-0.12528,0.40323,-0.37517,0.62492,-0.73226,-1.1996,0.71279,1.9968,0.31189,1.6382,-1.2438,-0.35364,0.056248,-0.11182,-0.23093,-0.17087,0.43031,-1.2027,-0.22967,0.10021
-0.50486,-1.1283,-0.28997,-0.32782,-0.80418,0.22232,-0.51626,-0.305,-0.39132,-0.98921,-1.1214,2.2409,-0.14033,-0.48653,-0.30932,-0.25325,-1.1674,-0.1326,2.1217,-0.65207,-0.28,-0.77807,2.5903,0.27101,0.46795,2.437,-0.41276,-0.058603,0.25858,-0.78618,2.2623,-0.3751,-0.62251,0.2552,-0.34132,1.0061,-0.62848,-0.083627,0.70829,-0.57222,0.15502,-0.38272,1.0613,-0.1542,0.64737,0.31601,-1.1642,0.25714,4.5372,0.30379,-0.12656,-0.56502,-0.39951,-0.078342,-0.53391,-0.18732,0.38795,-0.082482,-0.72418,-0.16412,-0.25453
0.10911,-0.67848,-0.29564,-0.2897,0.091897,1.2238,-0.46642,0.029884,-0.17694,0.19034,-1.4307,2.0098,-0.34384,-0.38366,-0.15375,-0.48525,-0.95452,0.08997,2.0645,0.15508,-0.12728,-0.76904,0.58678,0.46282,0.52412,1.1021,0.82214,-0.61036,-0.26306,-0.084929,1.9227,-0.36869,-0.15016,0.46645,0.64343,0.15559,-0.42451,-0.47519,0.86747,-0.32473,-0.13702,-0.40473,-0.1793,-0.082944,0.20093,-0.029451,-1.089,-0.07062,3.9346,0.69347,-0.32267,-1.2291,-0.088642,0.13085,0.3192,0.46122,0.23086,0.066836,-1.9107,0.12225,-0.70786
0.16755,-0.13496,0.34682,-0.048102,-0.39992,0.46428,-0.10087,0.50095,-0.20273,0.80221,-0.89665,2.8855,-0.12926,-0.040928,0.55542,-0.58792,-1.5612,0.58281,2.0072,0.1065,0.23154,-0.040927,-0.12878,1.2067,1.439,1.5042,1.8561,-0.76396,0.23964,-0.40226,1.6038,-0.69472,0.21032,0.056919,0.91453,0.31798,-0.18523,-0.81651,1.7742,-0.34036,0.53947,-0.50579,-1.0497,-0.21234,0.86189,1.9637,-1.3507,-0.022366,5.1697,1.0503,0.0042487,-1.3356,0.069314,0.070943,1.0725,0.48698,1.3843,-0.39804,-1.5112,0.65626,-1.1855
1.3897,-0.83385,0.13046,-0.091511,-0.53556,0.64784,-0.50222,0.14346,-0.23962,-0.20143,-1.1117,1.5245,-0.25218,-0.72699,0.28942,-0.44338,-1.2741,-0.11574,0.84131,-0.87413,-0.30812,-0.54904,0.0097894,0.048635,0.21862,1.373,0.62473,-1.0674,0.35841,-1.6485,0.59662,0.19904,-0.89809,0.40169,-0.45227,1.1402,0.32392,-0.80669,0.05865,-0.59186,0.3216,-0.062791,-0.13896,-0.18602,0.32677,-0.40279,-0.40412,0.0064649,2.1891,0.081849,-0.18737,-1.954,-0.049678,-0.43703,-0.089915,0.90017,0.10681,-0.47614,0.37643,0.46593,-0.71674
7.0866,-1.0156,0.24993,-0.60158,0.0078208,1.3448,-0.76686,0.086643,0.37402,-0.069726,-1.8473,0.34193,-0.0032985,-1.2231,0.23155,-0.52753,-0.39503,-0.24978,-0.95572,-0.45727,-0.28664,-1.1811,-1.2223,-0.073693,0.056216,-0.23261,0.27135,-0.39812,-0.45685,-1.6459,0.96241,1.0362,-0.52592,-0.037466,-0.63064,-0.092616,-0.35688,-1.2664,0.018337,-0.74027,0.28972,0.80017,-1.4961,-0.2167,-0.56736,-1.0044,-0.42833,-0.068288,-0.090337,-0.056887,0.9479,-1.7625,0.22939,-0.45624,0.25803,0.62238,1.1715,-0.27892,0.27264,-0.26604,-1.1155
4.124,-0.94891,0.77359,-0.54979,0.66819,0.66761,-0.53306,-0.60159,0.256,-1.1862,-1.1811,1.7432,0.32029,-0.037673,0.36205,-0.2441,0.68331,-0.24081,-1.6735,-1.6886,-0.88722,-0.55305,-1.9374,-0.60204,0.29156,-0.89512,-1.448,-0.43446,-0.067068,-2.7782,-0.30793,-0.088651,-0.48923,-0.1164,-0.090498,0.4592,-0.6118,-1.5709,-0.012732,-0.11794,0.096901,0.32708,-1.6879,0.05152,-0.088063,-1.2376,-0.11711,-0.3804,-2.5533,-0.95911,-2.1824,-1.9995,0.12156,0.026678,0.17647,1.629,2.8882,0.093058,-1.067,-0.56967,0.39066
3.0853,-0.74169,1.3022,-0.3623,0.63767,0.64263,-0.42044,-0.22125,0.078936,-1.2093,-0.75952,2.7166,0.14393,-0.043709,1.1134,-0.24063,1.0323,-0.29473,0.4069,-3.3242,-0.86222,-0.13757,-3.2822,0.049852,-0.43936,-1.9102,-2.4028,-0.087471,-0.10751,-3.2973,-1.3205,0.040856,-0.97692,-0.28157,0.090871,0.94447,-0.44492,0.16434,-0.51654,0.071913,0.42571,0.31267,-0.14271,-0.13168,-0.098385,-0.52647,0.84262,-0.44662,-4.7754,-0.98583,-2.4584,-1.425,0.025962,-0.4684,-0.59815,1.5055,2.6258,0.030986,0.33437,-0.0052281,1.1884
2.7042,-0.51103,0.7687,-0.52894,1.2373,0.12165,-0.56822,-0.25043,-0.14833,-0.039723,-1.1533,1.9996,-0.13987,-1.1453,0.50064,-0.55538,-0.87592,-0.31353,2.5667,-1.4527,-0.39433,-0.62952,-1.3174,-0.52783,-0.57605,1.1243,0.41134,0.2334,-0.25129,-1.3146,0.06505,0.2978,-0.12098,-0.99915,0.15841,-0.7335,-0.0117,0.38746,-0.48864,-0.64989,-0.94449,0.1034,1.3729,-0.52233,-0.13422,-0.25318,0.77083,-0.15817,-1.3239,-0.77701,0.74488,-0.44204,0.31577,1.0841,-0.56805,0.81053,0.16766,-0.34902,-0.85015,0.032898,-0.31113
1.9243,-0.54094,-0.11806,-0.38695,1.4374,-0.038653,-0.68504,-0.17812,-0.063685,-0.12803,-1.1074,1.0702,0.088805,-0.82095,0.064232,-0.65929,-0.52566,-0.32965,1.2879,-0.7781,-0.25219,-0.68189,-1.0901,-0.38489,-0.27063,1.542,-0.091143,-0.66559,-0.092641,-1.0112,-0.38037,-0.0065173,-0.015035,-1.2217,-0.01858,-0.42975,0.73836,-0.021506,-0.31281,-0.76756,0.52198,-0.062299,-0.014962,-0.45118,-0.32466,-1.0678,-0.53043,-0.18426,-0.55038,-0.47841,3.0298,-0.54208,-0.014509,1.2036,-0.2757,0.13211,0.26349,-0.19618,-2.5889,0.0049998,-0.06825
1.2538,-0.65749,-0.18206,-0.35676,1.0446,-0.23209,-0.71929,-0.54241,-0.097681,-0.088163,-1.3288,0.5963,0.37831,-1.2063,-0.03612,-0.5541,-0.36372,-0.2545,1.5799,-0.87494,-0.48521,-0.87506,-0.37292,-0.40368,-0.85563,0.44469,-0.42217,-0.44061,0.36603,-1.1631,-0.92347,0.059094,-0.23431,-0.83382,0.19983,-0.64013,0.47422,-0.04967,-0.078048,-0.55771,0.25473,-0.10276,0.387,-0.4754,-0.3813,-0.72815,0.14418,-0.16931,-0.25866,-0.25073,2.3634,-0.19252,0.091392,0.89417,-0.53816,-0.033153,1.996,-0.29371,-1.3708,-0.77261,0.059438
1.0118,-0.50355,-0.17653,-0.20171,0.45327,-0.21699,-0.64078,0.55123,-0.24675,-0.10687,-1.0581,1.1662,0.85685,0.035401,-0.045569,-0.58843,-0.72578,-0.26211,1.7499,-0.55598,-0.029279,-0.59191,-1.1598,-0.50332,-0.71434,-0.18116,-0.57542,-0.88072,0.1172,-1.0393,-0.93942,-0.051805,-0.37548,-0.47407,-0.068417,-0.61854,0.41037,-0.42292,-0.27013,-0.50886,0.86464,-0.15193,-0.23453,-0.48994,-0.33089,-0.44898,-0.090554,-0.27019,-0.58632,-0.12365,2.122,-1.2597,0.085362,0.35229,0.3352,-0.74371,1.3015,-0.41825,-1.581,-0.35987,-0.19323
0.45312,-1.0928,0.18161,-0.20582,-0.47819,0.69342,-0.58036,1.7163,-0.27951,0.55596,-1.3306,0.85027,0.7627,2.8338,-0.046035,-0.50131,0.044796,-0.14392,1.7792,-0.43086,0.31638,-0.64115,-0.3492,-0.84968,-0.64887,-1.1015,-1.4561,-0.80668,-0.022224,-0.71463,-1.6178,0.22518,-0.63159,-0.89096,-0.034985,-1.1727,0.30425,-0.87813,-0.23275,-0.33119,0.63401,-0.14476,-0.53602,-0.23023,-0.25274,0.17298,0.26792,-0.13134,0.55555,-0.087851,2.8592,-0.62325,0.024172,0.28183,1.5422,-1.9236,1.6233,-0.65519,-1.9618,0.16732,-0.9521
0.43146,2.3547,0.33079,-0.13653,0.082897,1.2324,-0.78842,-0.43834,-0.17618,0.41326,2.5201,1.673,1.448,0.42627,1.665,-0.87176,-0.59581,0.15583,2.4681,-1.3025,-0.051823,1.1749,-1.229,0.95634,-1.1457,-1.6852,-1.4295,0.43916,-0.40414,-1.846,-1.0703,0.157,-1.2246,0.70676,-1.1039,-0.96101,-0.29675,-1.2906,-0.54263,-0.90916,-0.058632,-0.40266,-0.74478,-0.89183,-0.87068,-0.82773,1.1261,-0.38904,-1.0131,-0.13946,-0.9918,-2.1613,-0.079723,-0.068975,0.48789,-0.62095,-0.33721,-0.25379,1.6082,0.66428,1.3018
-0.016773,6.297,0.14412,-0.37269,0.4133,1.5665,-0.82014,-1.1173,-0.31302,1.1755,7.1015,0.93888,1.9759,0.18065,1.9681,-0.89113,-1.2375,-0.24327,2.4872,1.0316,1.1099,2.3809,0.15442,1.7963,-0.95279,-0.22135,-0.27907,1.6054,-0.58037,0.15652,0.30997,-0.29832,-0.78718,1.0877,-0.28146,-0.48535,0.31139,-0.95929,-0.52034,-1.1295,0.68702,-0.51109,-1.0347,-1.044,-1.3031,-1.7642,-0.13034,0.33848,1.2275,-0.52169,-0.3799,-2.1365,-0.12962,0.14097,0.79207,0.33189,-0.91879,0.17763,2.5903,0.51001,1.0606
0.11349,3.0768,0.028444,-0.33777,0.042419,0.75685,-0.57787,-0.89401,-0.38123,-1.0549,3.4704,2.1566,1.8377,0.43922,0.098583,-0.74448,0.36921,-0.41809,2.6439,-0.37499,0.097726,0.63324,-0.49514,-0.30611,-0.60097,-1.3574,-1.4268,0.69419,-0.81393,-0.32657,-0.83567,-0.20257,-1.2789,0.2717,-0.26944,0.25538,-0.23715,-0.86444,-0.40084,-0.67125,0.51544,-0.36199,-0.55551,-0.61902,-0.71587,-1.5277,2.0997,0.47901,-0.68644,-0.81151,0.72622,-1.6665,-0.25718,0.39459,0.043722,1.8712,0.47642,1.2409,1.7374,-0.14621,0.89837
-0.19143,3.5913,-0.69616,-0.28717,0.3832,0.98038,-0.62442,-0.47202,-0.13745,0.016922,3.2435,3.3239,0.97656,0.71669,0.077823,-0.82253,-0.52821,-0.33,3.3001,-0.010597,-0.031278,0.62752,-0.93392,-0.68415,-0.096283,0.13479,-0.74302,0.83037,-0.11539,1.7331,-0.40442,-0.33729,-0.27528,-0.61314,0.42316,-0.32251,0.6874,-0.2372,0.18751,-0.76442,0.46765,-0.38407,0.55391,-0.40107,-0.26226,-1.4386,1.848,-0.30785,-0.035941,-0.26413,1.7314,0.23395,0.039824,0.50405,0.83447,1.2003,1.1231,0.77352,-0.48293,-0.52063,-0.31058
-0.35086,2.72,0.22044,-0.3926,-0.50704,0.21799,-0.44466,-0.8038,-0.33213,-0.95028,3.0238,2.0981,0.74955,0.00723,0.1281,-0.48436,0.29396,-0.15784,1.3722,-0.21973,-0.27953,0.97971,-0.37359,-1.0632,-0.35183,-1.6299,-1.4277,0.8926,0.27714,1.3934,-0.94025,-0.32241,-0.17933,-0.26917,0.12407,-1.4101,-0.43202,-0.55976,-0.6127,-0.87294,-1.0005,-0.35288,1.5935,-0.30943,-0.25546,-0.48088,2.3848,-0.36987,-0.25578,-0.53075,-0.3167,-0.66183,0.058226,0.39815,-0.52223,0.070301,-0.12281,0.37303,0.49592,-0.83766,0.29941
-0.53547,3.6516,0.34606,-0.09455,-0.35062,0.062559,-0.49587,-0.82431,-0.21522,1.4137,2.8111,2.1153,2.2411,-0.43645,1.1649,-0.35643,-0.026918,-0.23646,4.2148,-1.2153,-0.43711,0.94842,-2.1425,-0.56156,-0.95559,-1.1968,-1.3288,1.1504,-0.044913,0.12896,-1.3382,-0.36257,-1.1923,0.24444,-0.14082,-0.31867,-0.39886,-0.50492,-0.87619,-0.70918,-0.11483,-0.22158,0.52087,-0.56467,-0.64829,-0.54333,2.6154,-0.50819,-2.3,-0.15514,0.41463,-1.8043,-0.31742,0.01557,-1.1994,1.477,0.71507,0.0041784,2.4969,-0.44832,0.77705
-0.85899,4.2203,-0.38874,-0.28353,-0.20105,0.35739,-0.82219,-0.754,-0.19193,3.6474,1.8117,1.2635,1.6881,-0.45983,0.96174,-0.35862,-1.1208,-0.33129,3.3882,0.18374,-0.26012,0.025878,-2.3789,-0.5653,-0.69648,0.54752,-0.1017,1.4185,-0.072644,0.27884,-1.0285,-0.32557,-0.90088,-0.22014,0.54941,-0.2163,0.72168,-0.26421,-0.51994,-0.91447,0.0085189,-0.25715,1.1836,-0.64461,-0.50451,-1.9128,1.1536,-0.39534,-0.37479,0.052971,1.2088,-1.6021,-0.040924,0.16113,-0.83367,1.5251,0.21643,-0.53935,0.10414,-0.21362,-0.41958
-0.49356,3.3738,-0.18147,-0.33768,-0.41128,-0.071186,-0.67098,-0.76131,-0.21731,4.5242,1.1904,1.6881,0.83149,1.6667,0.37914,-0.34196,-1.4493,-0.25775,2.6875,0.18931,-0.64735,-0.046668,-1.4172,-0.27667,0.6796,0.2713,0.33086,1.079,0.59443,1.4519,-0.16201,-0.31714,-0.67109,-0.50942,0.47635,-0.064701,0.021365,-0.38955,0.45122,-0.85685,-0.16722,-0.27523,0.56806,-0.52787,0.5011,-0.4276,-0.12038,-0.31559,-0.049762,-0.37573,-0.47264,-1.1601,-0.093305,0.0066824,1.1192,0.41958,-0.11294,-0.14002,-1.2008,-0.088669,-1.02
-0.38427,2.7693,-0.56672,0.19954,-0.74893,-0.53023,-0.57425,-0.22385,-0.12819,4.6826,0.29727,0.74431,0.84745,0.62176,0.45316,-0.53904,-1.0658,-0.063513,2.5624,0.67119,-0.50634,-0.23279,-1.2479,-0.15984,0.7508,-1.3154,-0.59547,0.38378,0.63663,1.6485,-0.23555,-0.26688,-0.77611,-0.46253,1.1554,-1.2016,-0.40712,-0.28583,0.34661,-0.57214,-0.60031,-0.21709,0.47641,-0.1911,0.10045,-0.63376,-0.045549,-0.33467,0.39796,0.038832,-0.47982,-0.66603,-0.044109,-0.13462,0.75809,-0.86349,0.074676,-0.36556,-1.1046,-0.43699,-0.64209
-0.54954,1.5681,-0.35788,-0.09748,-0.68624,-0.52346,-0.48927,-0.26096,-0.17301,2.2081,1.3095,0.65504,0.24465,0.3277,0.27754,-0.43979,-1.5494,-0.21042,1.6273,-0.22336,-0.49947,0.21713,-0.1269,0.22293,0.31993,-0.57969,-0.20071,-0.40782,0.67341,-0.27251,-0.43937,-0.21291,-0.5383,-0.10875,0.21741,-0.11382,0.073632,-0.61357,-0.25895,-0.33364,0.18712,-0.22096,0.43858,-0.29362,0.30285,-0.46045,-0.20566,-0.27745,0.68203,0.16573,0.36585,-1.3696,-0.070706,-0.23623,0.04427,-0.73939,0.85493,-0.60149,-0.50178,-0.27016,-0.61056
-0.78581,3.3492,-0.48393,-0.31161,-0.42105,-0.45216,-0.53133,-0.46959,-0.44413,1.1521,4.8098,0.61202,0.688,-0.21861,0.4077,-0.64194,-1.8366,-0.10932,1.3672,-0.79428,-0.29285,0.50302,-2.6685,0.35118,-0.55712,-0.5787,-0.10213,-0.2957,-0.27585,-2.3008,-0.81723,-0.42697,-0.030786,0.44055,-0.19157,0.22913,-0.07186,-0.94213,-0.72344,-0.86198,0.2873,-0.59643,-0.13615,-1.0809,-0.13111,-1.4919,0.31815,-0.27317,-1.1562,-0.47855,1.29,-0.95972,0.43825,-0.56266,-0.78606,2.1379,0.83601,-0.72271,1.7743,0.53163,0.13441
-0.61491,4.5455,-0.51583,0.50521,-0.18895,-0.63216,-0.59376,-0.34517,-0.1788,2.2646,4.0711,0.1173,0.19826,-0.781,0.16124,-0.32974,-1.6287,-0.1696,1.0581,-0.034946,-0.2619,-0.19725,-1.1471,-0.0060893,0.15017,0.061169,0.4276,0.25989,0.20515,-1.4303,-0.13448,-0.66591,0.42275,-0.1608,0.096912,0.078584,-0.1938,-0.77721,-0.24245,-0.69748,0.1321,-0.60925,0.34885,-0.65793,-0.26672,-1.8972,-0.39784,-0.26724,0.47179,-0.57951,0.57042,0.63301,0.087572,-0.21007,-0.23066,1.8299,1.1158,-0.65664,-0.29488,0.72721,-0.050571
-0.55192,3.1716,0.13245,0.27861,-0.52053,-0.84091,-0.54241,-0.56498,-0.42563,1.2592,2.8074,0.33838,0.31807,-0.8302,-0.48341,-0.66696,-0.55368,-0.11641,1.581,-1.1833,-0.53852,-0.27082,-0.23046,-0.18087,-0.80974,-0.12337,0.13331,-0.47667,0.42198,-1.7884,-0.53445,-0.58531,-0.38464,0.34888,-0.22926,0.59772,-0.18789,-0.75001,-0.41219,-0.80903,-0.23604,-0.55809,1.1747,-0.84668,0.35844,-0.94904,0.096684,-0.21951,-0.36886,-0.30423,0.25304,-0.10944,0.13497,-0.63564,-0.50944,2.1771,0.52465,-0.70087,2.5748,0.041719,0.50685
-0.4192,2.8143,-0.35507,0.32054,0.1588,-0.69036,-0.51343,-0.62017,-0.098148,0.48285,2.7263,-0.002807,0.2982,-0.95521,-0.29691,-0.82715,0.045663,-0.048485,1.1092,-0.63052,-0.447,-0.10123,-0.53369,-0.25909,-0.27378,0.039762,-0.39329,0.25123,-0.53591,-1.1611,-0.65863,-0.59738,-0.33877,-0.23763,0.33051,0.47251,-0.20498,-0.72114,-0.29443,-0.724,0.34471,-0.4962,0.73811,-0.55158,-0.28014,-0.91101,0.28285,-0.24398,-0.8211,0.011313,1.7862,0.38965,0.19325,-0.17197,-0.3739,3.7258,-0.30982,-0.68366,1.7559,0.19181,0.26551
-0.39255,2.0079,-0.18019,0.14474,-0.38376,-0.3674,-0.50454,-0.35495,-0.31881,0.31651,1.7461,0.48838,0.98196,-0.9112,-0.76317,-0.73747,-0.013414,-0.11774,1.9292,-0.36077,-0.22673,-0.23041,0.63543,-0.37294,-0.67331,-0.043865,-0.27367,-0.46256,-0.26433,-0.43472,-0.7339,-0.57252,-0.54109,0.11015,0.20058,0.27078,0.033778,-0.33907,-0.22577,-0.75394,-0.46927,-0.52414,1.0803,-0.51107,0.15392,-0.022861,0.51709,-0.22339,0.12711,0.13067,0.3267,-0.46386,0.29264,-0.43198,-0.4117,1.8869,0.16911,-0.70802,0.94576,0.26825,0.086667
-0.61273,1.7009,-0.13597,0.093743,-0.68038,0.028317,-0.57587,-0.37116,-0.55349,-0.40587,1.6761,0.17758,1.4526,-0.8282,-0.71602,-0.45051,0.21737,0.024527,4.4575,-1.3665,-0.20437,-0.12358,-0.67245,-0.86473,-1.1442,-1.3178,-0.54731,-0.030618,-0.54687,-1.0255,-0.78728,-0.59201,-0.85427,-0.018755,-0.11531,-0.079877,-0.53385,0.078174,-0.6157,-0.94626,-0.69373,-0.55214,0.23657,-0.73439,-0.20574,-0.54787,1.4594,-0.24548,-1.897,0.080812,0.64155,-0.43563,0.18379,-0.86749,-1.1595,2.5301,1.2363,-0.46611,2.2856,0.96451,0.9255
-0.36978,0.66888,-0.8867,-0.061011,-0.40332,-0.074581,-0.6322,-0.74533,-0.30963,-0.54787,0.014402,-0.3326,0.030045,-0.43989,-1.1951,-0.25082,0.11894,-0.29771,3.1451,-0.056288,-0.42667,-0.85287,0.4479,-0.81872,-0.40096,0.5872,0.041533,0.10982,-0.59736,-0.51327,-0.019037,-0.60021,-0.8152,-0.39511,-0.034281,0.18355,0.43011,0.37078,-0.41241,-0.51409,0.071368,-0.34469,-0.22576,-0.37238,-0.098983,-1.0043,-0.31261,-0.085658,0.45226,0.13435,2.1951,0.006099,-0.12211,-0.23483,-1.0077,1.3779,0.62397,-0.18715,-0.70928,0.86087,0.17214
-0.2638,1.5396,-0.35242,0.033158,-1.0872,-0.4848,-0.28503,-0.6152,-0.61186,0.33464,0.79968,1.1228,-0.25478,-0.71701,-0.57169,-0.44569,-0.90643,-0.13454,2.575,0.21855,-0.2871,-0.12563,5.9848,-0.18083,-0.28484,2.9818,-0.53651,0.43346,0.21668,-0.30369,1.0398,-0.79906,-0.64316,0.43301,-0.1827,1.224,0.57038,1.4083,0.67277,-1.0587,0.36523,-0.41664,1.1977,-0.4233,1.3496,0.044263,-0.67635,-0.041422,4.6037,0.30588,-0.14815,-0.45846,-0.11911,-0.42923,0.38118,2.0785,0.128,-0.66949,0.73735,0.36443,-0.38081
-0.51317,1.6779,-0.16342,-0.20161,-0.63108,-0.4143,-0.090698,-0.63686,-0.36736,0.55705,1.1117,1.0981,-0.31127,-0.94753,-0.32449,-0.53594,-1.1234,-0.06696,2.5955,-0.0094967,-0.29042,0.29388,4.4743,-0.33071,-0.45529,1.2986,-0.33702,1.0192,0.50886,0.084883,0.88928,-0.79455,-0.17367,0.17696,0.24467,0.25606,-0.0045595,0.53346,0.69708,-0.54684,-0.31971,-0.42152,1.1875,-0.44514,0.7233,-0.43029,-0.85995,-0.16783,2.269,0.2549,-1.2056,0.2391,-0.11932,-0.28075,0.47443,1.4084,-0.53687,-0.64128,0.50457,0.16933,-0.11099
-0.52575,0.90453,-0.46438,-0.36658,-0.85598,-0.36751,-0.34228,-0.65678,-0.34989,-0.14466,0.41664,1.0866,-0.73618,-1.0921,-0.40064,-0.46316,-1.1058,-0.054196,2.2467,-0.091371,-0.38425,0.017866,2.4513,-0.44856,-0.53,0.69872,-0.012762,0.33183,0.6056,-0.24103,0.65744,-0.45731,-0.8772,-0.23891,0.073298,0.61746,-0.069096,0.020555,0.27501,-0.50451,0.11093,-0.32556,1.037,-0.51199,0.65308,-0.35223,-0.49813,-0.16657,1.5883,0.10172,-1.0519,-0.43062,-0.099965,-0.23577,-0.050878,1.1736,-0.0064209,-0.51276,-0.7435,0.1471,0.19454
-0.15419,-0.026272,-0.47407,-0.27441,-0.98056,-0.24403,-0.47673,-0.86251,-0.46455,-1.2012,0.063299,0.5615,-0.012849,0.29577,-0.58978,-0.30332,-0.91625,-0.42584,1.1117,-1.1788,-0.39289,-0.22694,0.38719,-0.59541,-0.78012,0.67245,-0.063562,0.28255,-0.42319,-1.4396,-0.31585,-0.072919,-1.0735,-0.57697,-0.63066,0.61578,0.29739,-0.032305,-0.30441,-0.48603,0.20859,-0.24237,1.1524,-0.47231,0.10206,-1.5263,0.43916,-0.13066,-0.53144,-0.20207,0.35257,-1.2787,0.18102,-0.21127,0.077808,1.5298,-0.075116,-0.28635,-1.4584,0.24175,-0.12744
-0.48111,0.74372,-0.83398,-0.31174,-0.56794,-0.20299,-0.40409,-0.58817,-0.33523,-0.31485,0.71426,-0.47201,0.80967,0.32028,-0.47691,-0.5517,-1.2199,-0.096844,0.93609,-0.86381,-0.052057,0.073161,-1.298,-0.24448,-0.87533,-0.72085,-0.65736,1.3271,-0.23368,-1.0216,0.78315,-0.41292,0.23409,-0.85834,-0.64249,-0.76636,-0.18579,0.21343,-0.28031,-0.25507,0.72558,-0.41214,-0.057747,-0.2571,-0.27253,-2.0947,0.022444,-0.27026,-1.3857,-0.11163,0.86403,1.0733,0.17981,-0.19742,-0.21494,0.63902,1.3445,-0.33917,-1.7878,0.15801,0.22373
-0.54853,0.97823,-0.80709,-0.57789,-0.34177,-0.096812,-0.5642,-0.52579,-0.26033,0.22233,0.67198,-0.44431,1.1719,0.23808,-0.19672,-0.6274,-1.3393,-0.11461,0.80336,-0.8524,-0.12131,-0.0030011,-1.7384,-0.43057,-0.84287,-0.43318,-0.80757,1.9592,-0.050258,-0.93256,1.6024,0.065654,-0.26429,-0.8349,-0.42924,-0.81004,-0.070103,-0.16996,-0.28718,-0.3034,0.22422,-0.49429,-0.36539,-0.20853,-0.047722,-2.0106,0.10765,-0.28925,-1.4196,-0.093732,0.97437,0.2422,0.081606,-0.079767,-0.25264,0.71652,1.2562,-0.62705,-1.7986,-0.10007,0.37685
-0.18188,0.40526,-0.76892,-0.34567,-0.59952,0.10593,-0.53126,-0.48758,-0.3209,-0.52295,0.23672,-0.10749,0.69652,-0.073213,-0.1538,-0.79991,-0.86277,-0.34468,1.3944,-1.2818,0.024204,-0.019911,-1.6548,-0.39729,-0.67171,0.15528,-0.2145,1.2055,-0.22334,-1.6042,0.95327,-0.088352,-0.92779,-0.4591,-0.29121,-0.098763,0.4115,-0.22301,-0.45315,0.031376,0.3119,-0.53944,0.5606,-0.24587,-0.15992,-1.7004,0.14749,-0.17957,-1.8412,-0.1928,1.0623,-1.0323,0.2294,-0.26515,-0.58986,1.4619,0.95931,-0.4725,-1.1382,-0.19029,0.29769
-0.3167,0.28223,-0.58818,-0.32202,-0.34277,-0.1814,-0.56451,-0.47817,-0.21633,-0.68636,0.1024,-0.43147,1.0575,-0.18542,0.14617,-0.8159,-0.85539,-0.13019,1.1396,-1.1033,-0.34845,-0.23037,-0.3088,-0.49028,-0.85205,-0.2839,-0.25647,1.4816,-0.68587,-1.4374,1.1386,-0.24211,-0.77854,-0.6849,-0.39747,0.22392,-0.11567,-0.15242,-0.31182,-0.36993,-0.2517,-0.46689,0.504,-0.46005,0.14676,-2.0395,0.57674,-0.26609,-1.2633,-0.20402,0.27249,-0.57217,0.04169,-0.14245,-0.64072,1.8547,1.3642,-0.48139,-0.4536,0.10306,0.33651
-0.35285,0.23146,-0.57978,-0.14646,-0.1351,-0.20452,-0.55028,-0.45325,-0.05298,-0.32125,-0.17878,-0.14968,0.6953,-0.40705,0.3506,-0.68509,-0.45441,-0.15116,1.0157,-0.92394,-0.27201,-0.48227,-0.81288,-0.40107,-0.48937,-0.61,-0.45886,0.77269,-0.11834,-1.2442,0.85071,-0.19317,-0.68253,-0.11288,-0.0146,-0.31293,-0.40034,0.42303,-0.22394,-0.30732,-0.55673,-0.49771,0.0046911,-0.37322,0.12131,-1.7199,0.73525,-0.30445,-1.0963,-0.29228,-0.087713,-0.68437,0.079597,0.096178,-0.40695,0.79997,2.2141,-0.4738,0.37615,-0.091302,0.02015
-0.60536,0.091761,-0.65807,-0.31252,0.54435,0.26755,-0.51172,-0.32659,-0.073707,-0.74989,-0.042158,-0.54767,1.6336,-0.23391,0.026122,-0.61986,-0.49102,-0.19536,1.4477,-0.65067,-0.46049,-0.18967,-1.0103,-0.36647,-0.60177,-0.27719,-0.23309,0.33213,-0.38977,-1.2177,0.29783,-0.32083,-0.52778,-0.49634,-0.17912,-0.16491,-0.12934,0.51003,-0.22182,-0.18043,0.15518,-0.20336,0.079781,-0.23932,-0.127,-1.6644,0.4972,-0.18508,-0.90472,-0.021747,1.1061,-0.40395,0.13297,0.1567,-0.74966,0.99802,2.0761,-0.62355,0.18988,-0.30689,-0.21018
-0.55862,0.2267,-0.90141,-0.35142,1.0628,0.90353,-0.5641,-0.6513,0.047504,-0.77121,0.16171,-0.46324,1.9436,-0.57434,0.064948,-0.90579,-0.5446,-0.36128,1.7379,-0.26276,-0.23038,-0.045131,-1.62,-0.29103,-0.86914,-0.35112,-0.47239,0.10951,-0.42523,-0.81891,-0.040863,-0.37752,-0.4507,1.2811,-0.32023,-0.87096,0.1094,-0.061822,-0.22082,-0.076704,0.024687,-0.071467,0.34319,-0.30078,-0.20761,-1.9169,1.2182,-0.28503,-1.1676,-0.51243,1.1973,-0.97979,-0.17488,0.022386,-0.34822,0.99819,1.079,-0.39718,-0.37953,-0.48202,-0.40525
-0.51782,-0.25623,-0.9318,-0.22852,0.58194,1.0484,-0.63436,-0.35876,-0.092982,-0.30093,-0.4734,-0.71872,0.29304,-0.50176,-0.20169,-1.0142,-1.0875,-0.32091,1.0116,0.41222,0.10914,-0.351,-1.3724,-0.068106,-0.7952,0.29238,0.047906,0.37634,-0.30071,-0.57771,0.12875,-0.29914,-0.61543,2.486,-0.47899,-0.18662,0.43981,-0.38829,-0.40267,-0.12446,-0.10652,-0.3874,-0.14662,-0.099512,-0.023778,-1.6947,-0.094924,-0.19933,-0.15708,-0.5402,0.92763,-1.4705,0.065651,-0.32244,-0.50796,1.0473,0.77908,-0.34615,-2.0084,0.074319,-0.42197
-0.3015,-0.017765,-0.78652,-0.1241,0.40252,0.51288,-0.53696,-0.56574,-0.10774,-0.25666,-0.52525,1.8131,0.39946,-0.47334,0.12858,-0.8546,-0.94431,-0.34,0.7627,-0.26775,-0.36178,-0.29355,-0.52229,-0.07266,-0.37234,0.6123,0.24626,0.27453,-0.11149,-0.26843,0.11189,-0.20759,-0.30917,-0.40201,-0.55435,-0.24151,0.36346,-0.6899,-0.083234,-0.29364,0.011943,-0.2673,0.04269,-0.31442,-0.049741,-0.81955,-0.60106,-0.21616,0.11302,-0.63069,0.84472,-0.46584,0.13469,-0.16866,-0.20204,0.65071,0.80473,-0.48108,-2.0146,0.10842,-0.68177
0.17365,0.13267,-0.37207,-0.23707,-0.73307,0.81713,-0.24696,-0.74704,-0.72242,0.075283,-0.46351,4.6019,-0.1868,-0.29362,0.26227,-0.83926,-0.11912,-0.020294,1.092,-0.78884,-0.30203,-0.15418,0.30171,0.20802,-0.25401,-0.3794,0.11127,-0.73579,0.77784,-0.014827,-0.40885,-0.19978,-0.64083,-0.20202,-0.52207,-0.21115,-0.17218,-0.68787,0.52109,-0.21218,-0.22965,-0.44041,0.029212,0.10367,0.0094474,2.6461,-0.39177,-0.099379,-0.38119,-0.53635,-0.16883,-1.1793,-0.034252,-0.84439,0.43888,-0.077991,0.44005,-0.25772,-0.74985,0.27363,-0.014094
0.26514,-0.01012,-0.44805,-0.19315,-0.59045,1.1683,1.0042,-0.25713,-0.58327,-0.14431,-0.41775,2.9249,-0.48849,-0.29017,0.0038971,-0.74072,-0.23453,0.024911,1.5809,-0.53324,-0.13831,-0.46884,-0.21909,-0.10447,-0.66589,-0.94859,-0.071298,-0.61234,0.78944,-0.34788,-0.39163,-0.19245,-0.52332,-0.28526,-0.63223,0.098415,-0.47515,-0.41131,0.30451,0.2913,0.69282,-0.47176,-0.25044,0.38868,-0.17415,1.8165,-0.26345,-0.39209,-0.49912,0.061454,0.60827,-0.025109,-0.18716,-0.75074,0.072159,-0.78896,1.1154,-0.1825,-0.37951,0.79353,0.16307
0.61343,-0.53838,-0.21929,-0.2695,-0.62672,0.62016,0.81309,-0.51381,-0.45439,0.24501,-1.0109,1.7476,-0.30477,-0.48228,-0.49242,-0.75644,-0.23698,-0.22922,-0.0053145,-0.16688,-0.13087,-0.8732,0.16699,-0.39083,0.014768,-0.95797,-0.27364,-0.63832,0.73815,0.12885,0.11223,-0.28593,0.31131,-0.57098,-0.50057,-0.063028,-0.65498,-0.71298,0.13968,-0.3929,0.66978,-0.44529,0.038025,0.23962,0.11866,0.35814,-0.48864,0.75732,0.84086,-0.45984,-0.085259,1.8797,-0.15173,-0.51722,0.026571,-0.44341,0.75575,-0.056914,-1.5491,0.21351,0.10394
0.026297,-0.51513,-0.28977,0.15915,-0.95799,0.22563,0.47184,-0.43534,-0.48407,0.9137,-1.1201,1.4458,-0.7003,-0.84732,-0.6126,-0.77657,-0.26966,-0.22292,-0.2793,-0.3608,0.0022554,-0.97654,0.030465,-0.43252,-0.12753,-0.77237,-0.52227,-0.73308,1.0795,0.0058271,-0.53821,-0.15925,-0.20959,-0.57714,-0.28971,-1.0337,0.0042923,-1.1024,0.06896,-0.58853,-0.03936,-0.66472,-0.15943,0.22957,0.4798,0.35667,-1.2325,0.5201,0.45713,-0.60175,0.55576,1.1878,-0.2014,-0.71416,-0.15664,-1.0393,2.2112,-0.25777,-2.0689,-0.24568,0.22021
0.25164,-0.34148,-0.11696,-0.62204,-0.93098,-0.11223,0.42638,-0.495,-0.43913,0.40455,-1.2231,0.6123,-0.36937,-0.62117,-0.35556,-0.77825,0.50644,-0.1949,-0.45406,0.12131,-0.099493,-0.92957,5.8796,0.29676,0.33011,0.82716,-0.46076,-1.2208,2.1703,0.12091,-0.87998,-0.065822,0.20514,-0.52163,0.060335,-0.59856,0.82532,-0.77976,0.25586,-0.45896,-0.25357,-0.61687,-0.57706,0.6336,0.39256,1.2473,-1.4395,-0.2669,1.2011,0.21788,1.484,1.5779,-0.16422,-0.63276,-0.017945,-0.072241,1.8264,-0.46209,-1.237,-0.65785,-0.16057
0.97022,1.39,0.26816,2.8095,-1.1039,-0.14058,0.042967,0.16568,-0.43777,4.1062,-1.0946,-0.10389,0.37413,-0.65581,-0.19783,-0.2679,-0.49271,0.0062728,-1.4604,0.081487,-0.12245,-0.89914,4.3591,1.0494,0.15549,0.94154,0.24122,-1.0219,1.872,-0.33686,-0.42274,-0.23304,0.84357,-0.41115,1.0683,0.025238,0.34803,-0.668,0.66047,-0.8332,-0.046471,-0.70608,-0.036922,0.24266,0.24162,1.0218,-0.69046,-0.1923,1.6192,0.044709,1.3183,1.4698,0.13962,-0.5522,-0.022222,0.29314,2.813,-0.85068,-1.2015,-0.029036,-0.6209
1.4736,1.4609,-0.45821,3.6288,-1.4313,-0.48086,0.92582,0.18361,-0.42561,5.2979,-1.2766,-0.081605,-0.46786,-0.89265,0.27952,0.30199,1.8697,0.80169,-0.90111,1.5465,-0.11954,-0.45066,3.8962,1.9649,2.2004,-0.11033,2.8157,-0.58377,1.3231,-0.16086,-0.049894,-0.29006,2.35,-0.21498,3.1199,-0.15808,-0.043085,-1.0417,1.8972,-0.40157,-0.57345,-0.691,-0.78719,1.076,0.15061,2.3604,-1.0212,-0.3111,3.4442,1.5739,-0.018766,0.49775,0.11446,-0.52772,-0.17259,0.62098,1.0782,-0.7451,-0.18781,-0.15594,-0.43834
0.68498,1.2484,0.35499,1.4865,-1.0866,-0.70833,0.9124,0.16288,-0.39009,3.6472,-0.8797,0.48615,-0.48198,-0.77513,0.99125,-0.010658,2.4692,0.75579,-0.32657,1.8374,0.34029,-0.37641,3.2695,1.8368,1.9499,0.48285,2.3058,-0.21336,2.092,0.37852,0.24999,0.0097686,1.2833,-0.5018,2.519,0.10862,0.45603,-1.3398,1.8021,-0.36204,-0.26455,-0.76118,-1.6606,1.2907,0.19247,2.9665,-1.6565,-0.35658,3.4798,1.5169,-0.55193,0.10863,0.080054,-0.36577,0.23303,0.44337,-0.33915,-0.78012,-1.015,-0.50833,-0.42279
0.80935,0.82229,-1.1291,1.2618,-0.74828,-0.47784,0.38365,-0.22132,-0.25289,2.8676,-1.3702,0.19497,-0.1523,-0.60944,0.4163,-0.072484,1.6737,0.46196,-0.31766,1.4574,0.093713,-0.69523,2.5016,1.5832,0.93596,1.1295,1.1606,-0.16446,2.46,0.82748,-0.091447,-0.099869,0.036919,-0.28819,2.3282,-0.16043,0.65576,-1.3174,0.97767,-0.38897,-0.26935,-0.69703,-0.83279,0.89392,-0.0028801,3.0798,-1.2502,-0.30184,3.2813,1.0529,0.38946,-0.53414,0.046111,-0.15471,0.17363,0.44073,0.61827,-0.84075,-0.22987,-0.52336,-0.15431
0.73493,1.0353,5.4552,0.69812,-0.97833,-0.8323,0.37424,0.31566,-0.20927,1.9561,-0.6312,1.5388,-0.41523,-1.129,0.87694,-0.3476,0.32514,0.35594,0.27407,0.60368,-0.45311,-0.21036,2.3508,1.2989,0.31278,0.96247,1.0037,-0.85582,2.0057,0.44012,-0.31849,-0.047395,-0.59674,-1.0675,1.4964,2.1137,0.14015,-1.0452,0.80741,-0.40437,1.0773,-0.56485,-0.42866,0.62383,-0.34326,3.4422,-0.83819,-0.19541,1.6259,0.61713,0.62588,-1.0804,0.11995,-0.16979,-0.018842,1.906,0.51643,-0.45861,-1.8006,-0.476,-0.079217
0.58218,1.1588,12.515,0.70897,-0.92075,-1.0597,0.13707,-0.69757,-0.093074,2.0014,-0.52985,1.9173,-0.63214,-1.352,1.669,-0.40844,-0.32237,0.16959,0.18955,0.69051,-0.78116,-0.34037,4.581,0.87016,0.0057767,0.75434,0.92311,-1.1203,1.9484,0.68821,-0.48916,-0.021074,0.87496,-0.81982,1.1952,1.7417,0.34659,-0.76497,0.93273,-0.535,0.9752,-0.47477,-0.76605,0.33008,-0.36967,2.6955,-1.0519,-0.29084,2.3047,0.51829,1.0845,0.37913,0.060425,-0.11881,-0.056421,1.933,0.67019,-0.43689,-1.3865,-0.33862,-0.15964
1.2813,0.18819,7.462,0.25437,-1.2303,-0.972,0.097722,1.7434,-0.074504,0.95529,-1.1999,0.54704,-0.63388,-1.3177,0.52563,-0.43337,0.35696,0.50072,-0.9856,0.88926,-0.13809,-0.51388,6.7784,1.1016,0.81013,-0.0041401,0.34888,-1.0072,0.8131,0.91523,-0.43878,-0.1667,1.4597,-0.73248,1.5033,-0.40192,0.69066,-1.0188,1.7515,-0.73373,0.16904,-0.47848,-0.84,0.52048,-0.15787,1.6657,-1.1493,-0.38092,4.3489,1.0178,0.72132,0.51538,0.085004,-0.14283,1.0513,-0.43447,0.41226,-0.55939,-1.5354,-0.23482,-0.29728
1.0426,0.35999,7.1983,0.62574,-1.2519,-1.1857,-0.11197,6.3961,-0.23531,1.596,-1.1693,-0.18042,-0.0086991,-1.1081,0.54004,-0.49379,0.090476,0.45606,-1.0899,1.0694,0.16565,-0.43465,3.3563,0.31802,0.31226,-0.082632,0.44989,-1.1518,1.6026,0.63095,-0.37312,-0.04429,0.6945,-1.0361,0.95666,0.21624,0.50948,-0.95768,0.96624,-0.75696,0.65392,-0.51609,-0.74668,0.12475,-0.27924,1.5893,-1.0912,-0.18575,2.1322,0.95718,1.1891,0.060347,0.076419,-0.22885,0.84658,-0.32843,1.4021,-0.080359,-2.9928,-0.043223,-0.34591
0.54379,0.062239,3.9095,0.059109,-1.3123,-0.89439,-0.13704,4.3429,-0.2806,0.94018,-1.4159,-0.74399,-0.47509,-1.3974,0.1232,-0.36733,0.82757,0.47758,-0.76231,0.53354,0.029434,-0.68507,2.5022,0.83859,0.43484,-0.56139,0.20123,-0.71282,0.70752,0.26243,-0.67398,-0.064736,0.801,-0.61529,0.99641,0.34365,-0.19884,-0.74247,1.1594,-0.64503,-0.17088,-0.35652,-0.81816,0.29198,-0.067231,2.362,-0.94099,-0.25648,2.6716,1.1927,-0.50423,0.29893,0.02902,-0.45972,0.71677,0.51845,0.038987,-0.40472,-0.83016,-0.065158,0.1331
1.0054,-0.047366,3.0346,0.59227,-0.10012,-1.472,-0.1288,3.4945,0.42902,0.76698,-1.158,0.06542,-1.1362,-1.3308,0.40686,-0.61274,0.50607,0.39272,-0.51676,0.59584,-0.078376,-0.38993,1.3495,0.86329,0.47472,1.0014,0.682,-0.67156,0.67165,-0.037751,-0.3014,-0.10818,0.18979,-0.24132,1.0583,0.4815,0.050017,-1.1571,0.68828,-0.502,-0.35683,-0.46009,-0.42956,0.062683,0.26107,2.4541,-0.69888,-0.18769,2.1513,0.76057,-0.38533,-0.40182,0.068228,0.37947,-0.087364,0.16422,-0.41788,-0.71865,-1.1083,-0.10062,-0.33739
0.398,-0.47596,1.0756,-0.42224,1.2522,0.99766,-0.13604,1.6109,0.19632,-0.32659,-0.96565,1.8526,-1.4165,-1.2056,-0.37546,-0.41273,-0.55215,0.14791,2.8948,-0.64572,-0.38027,-0.12806,-1.0629,-0.20754,-0.42143,0.11489,-0.38582,-0.55184,0.49141,-1.2213,-0.33406,-0.23441,-0.14507,-0.38816,-0.59305,0.096375,-0.6752,-0.87975,0.095346,-0.58231,-0.83994,-0.3738,-1.3667,-0.42676,-0.64848,0.79684,-1.0519,-0.17688,-2.0639,0.13981,-2.3555,-0.46506,0.068489,0.96591,-0.6161,0.62641,-1.6088,-1.0049,-1.105,0.64169,0.029078
-0.10196,-0.67512,0.29594,1.8768,0.3948,3.3576,-0.25569,1.4275,0.13051,-0.28755,-1.4439,2.5333,-1.0713,-1.5833,-1.2045,0.51405,-1.559,0.18321,2.6119,0.13713,-0.45726,-0.72451,-0.3281,0.31936,0.285,0.31973,0.11218,-0.27221,1.0472,-0.56173,-1.0553,-0.2543,0.83763,-0.36827,0.26313,-0.17773,-0.71325,-0.70749,0.51302,-1.0285,-0.3835,-0.22258,-0.81504,-0.24193,-0.53958,2.1247,-0.72335,-0.17343,0.49952,-0.020296,-1.5094,-0.81306,0.1624,-0.33053,-0.37139,-0.11243,-1.0239,-1.0071,-1.5266,1.6576,-0.43974
0.25836,-0.21455,0.60938,10.687,0.084478,1.5926,-0.43851,0.85376,-0.019135,1.6829,-0.92066,0.9201,-1.0048,-1.138,-1.3848,-0.030497,-0.59747,0.052943,0.67357,-1.139,-0.24871,-0.73997,1.0683,1.1332,0.27444,0.087709,-0.81366,-0.27533,0.28752,-0.98585,-0.61486,-0.081192,0.88056,-0.71749,-0.17856,-0.59615,0.76718,-1.4791,0.98421,-1.2853,0.32519,-0.49049,-0.98019,-0.077943,-0.27373,1.9613,-0.68191,-0.06856,1.414,0.32289,1.7156,0.4984,-0.13568,0.52437,0.35447,-1.3683,1.0875,-0.92622,-1.4332,1.0014,0.014241
-0.074556,0.15242,0.10715,7.9884,-0.065192,1.0989,-0.64232,0.14715,-0.10226,2.3417,-0.893,0.78059,-1.0433,-0.98973,-1.1527,-0.41539,-0.18361,0.06327,0.76728,-0.98798,-0.14019,-0.92068,1.7393,1.9243,-0.51485,-0.10747,-0.6003,0.68888,0.01182,-1.4654,0.16636,0.072133,-0.42872,-0.29906,-0.21444,-0.60913,1.774,-1.8459,1.2136,-1.128,0.62692,-0.67626,-1.532,-0.1017,-0.65375,1.312,-1.0888,0.031539,1.1066,0.17872,0.97482,0.071445,-0.42683,1.2457,0.54292,-0.94885,0.53416,-1.2231,-0.79246,1.4484,0.78627
-0.65966,-0.10198,-0.18746,5.8924,-0.13299,0.81097,-0.46557,-0.10769,0.20439,1.5537,-1.1823,0.72377,-0.81664,-1.3465,-0.27185,-0.4314,-0.20147,0.1487,0.33215,-0.13482,-0.50747,-0.74471,2.815,0.9344,-0.41097,0.1226,-0.010142,-0.46566,1.0987,-0.1408,-0.62132,-0.09711,0.68283,-0.44129,0.5832,0.011063,1.0541,-1.2326,0.89268,-0.82936,0.75637,-0.3436,-0.063764,-0.17705,-0.39834,2.7224,-0.45345,-0.1054,2.9015,0.40649,0.64608,0.41301,-0.10058,0.36937,0.56681,-0.34089,0.79486,-0.9095,-0.60467,0.15671,0.29225
0.048317,0.71633,0.74196,3.8695,-0.55921,-0.13554,-0.65437,0.41586,-0.024839,0.42102,0.6331,0.50785,-0.1088,-1.0257,1.8334,-0.76506,-1.3182,-0.020412,-0.16172,-2.0623,-0.12623,-0.47979,-1.3345,0.9615,-0.77885,-0.10864,-0.23646,-0.21031,-0.12522,-3.1024,-0.096091,0.55752,-0.070039,0.27315,-1.0544,0.14371,1.9315,-1.3865,-0.56045,-1.206,0.733,-0.58117,-0.24178,-0.79363,-0.27518,-0.1081,-0.3279,-0.12553,-1.7188,-0.12217,0.1061,-0.67866,-0.012946,0.17912,-0.45035,-0.41333,-0.12629,-0.63263,-0.54269,0.6688,0.61899
3.0207,3.734,1.0643,2.9462,0.55248,-0.053589,-1.0055,0.89275,-0.036789,1.3745,3.9104,-0.63579,1.4792,-1.1444,1.3353,-0.99262,-1.3902,-0.00018628,-0.80305,-1.3464,0.29329,-0.29512,-4.2833,0.55965,-1.0645,0.88367,0.49455,1.2911,-0.50688,-3.0662,0.81811,0.8649,-0.38626,1.0764,-1.0609,-0.13842,0.89159,-1.3732,-0.7584,-1.6069,0.71419,-0.7703,-1.4167,-1.0877,-1.5572,-2.7096,-0.55433,-0.23377,-3.4311,-0.33313,-0.29685,-0.8926,0.15521,0.95451,-0.65077,1.4829,-1.1869,-0.25197,0.54884,2.2295,0.82181
1.6933,2.819,0.32506,2.2296,0.84468,0.048721,-0.86773,0.45271,-0.22192,0.73114,2.2373,0.47117,0.12536,-0.47557,0.43402,-0.551,0.1273,-0.10135,0.54517,-0.27951,-0.032806,-0.69752,1.4761,-0.177,-0.81326,1.5086,0.072908,0.74563,-0.57038,-0.6483,0.1277,0.37609,0.091521,0.17931,-0.32451,1.8003,1.3863,-0.4726,-0.33374,-1.0489,0.99773,-0.48123,-0.081966,-0.53478,-0.59252,0.40979,-0.23203,-0.015449,1.0002,0.0017354,0.13598,0.59682,0.49933,0.85939,-0.55584,3.2745,-0.32178,-0.4271,-0.1605,1.7763,0.21396
0.80246,1.6039,0.20664,1.5145,0.41745,0.55063,-0.82883,0.28934,-0.30101,-0.64492,1.1955,0.65029,-0.19415,-0.6026,-0.27881,-0.49368,0.45763,-0.16187,1.0914,-1.0934,0.022089,-0.9368,1.8251,-1.0922,-1.292,1.2938,-0.47974,1.6375,-0.5169,-1.2331,-0.12633,0.32202,-0.55717,0.34516,-0.48662,1.2232,1.8248,0.027698,-0.75791,-0.83991,-0.33034,-0.45584,1.0312,-0.25661,-0.35675,0.60475,-0.17166,-0.10029,0.62653,0.59801,-1.0575,1.1727,0.18044,-0.037045,-1.1868,2.9132,-1.2269,-0.7838,-0.13336,1.1234,0.42554
0.45735,1.6217,-0.34234,0.91412,0.72187,1.4559,-0.79322,-0.065779,0.022316,-0.26356,1.0959,-0.07059,0.14932,-0.46338,-0.26352,-0.7691,0.70031,-0.39115,0.72904,0.10669,-0.39059,-0.7918,0.44916,-1.1597,-0.6727,0.96315,0.11222,2.1286,-0.43934,0.2695,-0.36934,-0.091167,0.17564,-0.011145,-0.14087,-0.33438,1.2669,0.064915,-0.35696,-0.66613,-0.29208,-0.46875,0.20776,-0.17895,-0.68666,0.098061,0.12868,-0.056634,-0.085451,-0.018713,0.94459,2.1471,0.032839,0.29768,-1.0848,2.5077,-0.19978,0.088725,-0.57032,0.30682,-0.20779
0.045652,0.41352,-0.45318,0.61978,0.27509,1.1369,-0.70949,-0.091373,-0.10477,-1.3383,0.28786,0.45621,0.44592,-0.2837,-0.64865,-0.55163,0.77622,-0.40344,0.86233,-1.4042,-0.20943,-0.80998,1.0176,-1.289,-0.71678,0.13537,-0.68608,1.3287,-0.5963,-1.2239,-0.92423,0.22667,-0.13594,-0.86873,-0.36564,-0.15215,0.84717,-0.21772,-0.38045,-0.76903,-0.68521,-0.38694,0.11696,-0.32411,-0.36065,0.34336,0.16344,0.030216,-0.45556,-0.11587,1.6412,1.6559,0.11574,0.16577,-0.5488,0.98716,-1.229,0.35357,-1.5315,0.15304,0.42279
-0.79151,1.4449,0.036914,0.084007,-0.628,0.85664,-0.82934,0.14802,-0.48859,0.30754,0.63004,-0.044889,2.0331,-0.53501,-0.61717,-0.16365,1.1224,-0.38345,0.92318,-1.8872,-0.21832,-0.83806,0.66666,-0.3637,-0.40919,-0.67844,-0.38527,1.1507,-0.61818,-1.8242,0.15295,-0.53671,-0.39968,-0.75866,0.0075767,-1.1432,0.41594,0.015272,-0.02532,-0.65869,-0.98661,-0.46032,0.1418,0.12991,-0.035962,-0.055087,0.46458,0.057745,-0.7695,0.59894,1.8783,1.4203,0.012686,-0.17523,-0.32106,-0.1597,-0.27707,0.058673,-0.80539,0.21869,0.5913
-0.95043,2.1164,0.46158,-0.24333,-0.50576,0.50554,-0.85969,-0.30492,-0.46245,1.7236,0.70251,-0.36716,1.6676,-0.028601,-0.65368,0.10714,0.5758,-0.448,0.095774,-2.1487,-0.37635,-0.84046,-0.14285,-0.3608,-0.67703,-0.42242,0.27002,1.7126,-0.92221,-2.0639,1.3069,-0.58399,-0.67053,-0.40765,-0.10733,-0.40942,-0.03207,-0.68513,0.024903,-0.70275,-0.78968,-0.5553,0.50394,0.079486,0.092695,-0.33257,-0.11593,-0.017175,-1.1873,0.35654,1.6365,0.43757,-0.31625,-0.10096,-0.18081,0.13407,-1.18,0.6685,-0.030037,-0.079423,0.37383
-0.47131,0.29224,-0.32344,-0.22155,-0.9336,0.30385,-0.77094,-0.37162,-0.3984,-0.1564,-0.1674,0.12569,0.18914,0.84609,-0.93125,0.11706,0.80339,-0.6001,0.13939,-2.1868,-0.38831,-0.79029,-1.1508,-0.49047,-0.15407,-0.92644,-0.36699,0.54802,-0.86334,-2.5745,-0.18908,-0.093147,-1.2085,-0.69989,-0.087063,-0.28554,-0.0020535,0.18082,-0.19755,-0.47842,-0.6394,-0.37828,-0.65418,-0.23409,-0.41262,-0.13204,0.41212,0.15012,-2.2825,-0.093538,1.6517,-0.40831,-0.018169,-0.032336,-0.26959,0.3384,-1.2089,0.32394,-1.8639,-0.93555,0.81353
-0.77094,1.612,-0.41884,-0.19476,-0.29741,0.08649,-0.59838,-0.10579,-0.0848,0.84163,0.91218,-0.44675,0.67554,0.44926,-0.63221,-0.24636,-0.22532,-0.46305,-0.28925,-1.8781,-0.132,-0.21897,-1.6851,-0.25281,-0.67859,-0.75357,-0.31246,0.75959,-0.99957,-2.7673,1.3021,-0.36855,-0.59183,-0.59066,-0.59042,-1.0967,-0.28439,0.075755,-0.33541,-0.45504,-0.1057,-0.67975,-0.64812,-0.1789,0.41506,-1.5064,1.5491,-0.010719,-2.1302,-0.24957,2.6131,0.16082,0.62287,0.13947,-0.16246,-0.84388,1.5502,-0.3131,-1.5037,-0.53883,0.12381
-0.13773,2.2736,-0.54786,-0.02873,-0.14301,0.60882,-0.58591,-0.56828,-0.18784,2.4648,0.3258,-0.837,0.14187,-0.533,-0.21463,-0.60928,-0.46301,-0.30163,-0.75212,0.58741,0.27497,-0.25721,0.33569,-0.30426,0.35359,0.95318,-0.08359,0.71242,0.13354,0.42421,0.97974,-0.13567,0.62021,-0.81382,0.7777,-1.6845,0.3188,-1.0254,0.088238,-0.40348,-0.32181,-0.93929,-0.064147,-0.22962,1.2163,-0.89118,-0.38037,-0.21412,0.41547,-0.07221,1.4944,1.0603,0.037081,-0.093219,-0.0030106,-1.43,2.5426,-0.70684,-2.2655,0.14737,-0.4592
0.29651,1.1584,-0.38593,0.091051,-0.73308,0.44382,-0.42908,-0.55241,-0.23737,1.3882,-0.50771,-0.37298,-0.80416,-0.59223,-0.21464,-0.50988,0.21434,-0.1567,-0.52322,1.0218,-0.090099,-0.37129,1.9308,0.47665,1.1146,2.1515,0.75449,-0.096208,0.78799,0.64286,0.94771,-0.19525,0.37827,-0.30955,0.75885,-0.64401,0.62506,-0.84883,0.29544,-0.10274,-0.022552,-0.70753,1.0642,0.045961,0.8452,1.3707,0.017629,-0.12978,1.9508,-0.23352,1.6112,0.068634,-0.052358,-0.2108,0.013851,-0.54273,1.6799,-0.38331,-1.8287,0.46138,-0.82172
-0.045773,0.76795,-0.45633,-0.10849,-0.63583,-0.044859,-0.31374,-0.4143,-0.27126,-0.20613,-0.13465,-0.15809,-0.72198,-0.34904,-0.39751,-0.35672,-0.28454,-0.27679,-0.12808,-0.81088,-0.28775,0.065321,1.0409,0.10894,0.16655,1.2544,-0.098581,-0.25049,0.2318,-0.87858,0.9286,0.068149,-0.23045,-0.62246,0.15326,-0.15807,0.73827,-0.86084,0.1534,-0.17621,-0.1463,-0.60031,1.1468,-0.21475,0.98222,1.1825,0.10114,-0.14344,0.41463,-0.23842,1.7864,-0.45952,0.18746,-0.18831,-0.34082,-0.35746,0.29655,-0.44596,-1.747,0.033288,-0.48873
-0.25586,0.88602,-0.46364,-0.34739,-0.32456,0.060283,-0.42516,-0.48607,-0.30453,0.89847,-0.59241,0.12178,-0.48487,-0.55476,-0.4783,-0.55775,-0.018886,-0.27826,0.21649,-0.14877,-0.29063,-0.39167,0.85709,-0.32171,-0.14422,-0.052437,-0.24614,0.79156,0.03968,-0.089597,2.7724,-0.13329,-0.038221,-0.038254,0.098793,-1.3997,-0.32534,-0.39938,0.41518,-0.32254,-0.40742,-0.49279,0.41911,-0.20051,0.39193,0.93917,0.074313,-0.29839,-0.086913,-0.10171,1.5404,0.28611,0.14379,-0.14077,-1.2465,-0.63604,0.45712,-0.55159,-0.67529,-0.61952,-0.68066
-0.27248,1.6029,-0.56552,-0.29389,0.45727,0.9184,-0.6465,-0.82178,-0.11232,0.073277,1.4978,0.20965,-0.54425,0.28862,0.28059,-0.79581,0.092264,-0.34884,0.45657,1.0175,-0.5632,1.124,1.028,-0.22615,0.2981,0.89617,0.36236,-0.081841,-0.076984,0.34749,1.8127,-0.13119,-0.79642,0.45738,-0.16673,-0.66751,-0.19449,-1.115,-0.030853,-0.27851,-0.16894,-0.59222,0.37433,-0.15118,-0.31784,1.0693,0.081535,-0.16366,1.0392,-0.70691,0.29345,-1.9552,0.15168,0.038949,-0.43715,0.29897,0.39674,-0.3658,-0.33469,0.034349,-0.93135
-0.034669,1.7165,-0.38158,0.01966,-0.32124,0.51469,-0.52228,-0.22772,-0.23768,0.75301,1.6745,0.42643,0.32186,2.3851,0.82057,-0.60573,0.30218,-0.1855,-0.059287,0.85187,-0.23279,1.4904,2.2531,0.22716,0.80335,-0.045488,-0.24612,-0.24568,0.40926,0.48288,1.3319,-0.19829,-0.38274,-0.34151,0.35649,-0.56671,-0.57361,-0.71429,0.55615,-0.22605,-0.26054,-0.50171,-0.10657,-0.22207,-0.098087,0.97996,-0.26601,-0.24344,2.0595,-0.070497,-0.83402,-1.3283,0.1613,-0.1848,0.41061,-0.33069,-0.25388,-0.60079,-1.0297,-0.017513,-1.3208
-0.4807,1.3706,-0.33299,-0.20406,-0.20082,-0.016906,-0.6498,-0.82495,-0.16335,1.2337,1.3892,0.6409,-0.20346,0.56783,0.14018,-0.89188,0.53729,-0.27326,0.19115,-0.97902,-0.44027,0.73677,-0.10438,0.76894,-0.833,0.24362,-0.3387,0.47325,-0.52735,-1.3173,1.767,-0.14076,-0.97697,-0.041665,-0.9618,0.29243,-0.008816,-0.89105,-0.24684,-0.34513,0.18584,-0.43532,-0.47257,-0.081058,-0.25134,0.25682,0.010457,-0.045636,-1.1264,-0.37076,0.432,-1.212,-0.19283,-0.015663,-1.0276,0.068407,0.81207,-0.73386,1.0517,0.89848,0.7934
-0.45152,0.85892,-0.49563,-0.2101,-0.37947,-0.19664,-0.72233,-0.7989,-0.50221,0.58948,1.0674,0.32043,-0.12028,1.8368,0.0023596,-0.42298,0.58832,-0.4168,-0.53507,-1.0596,-0.4801,0.49334,-0.034719,0.59904,-0.6706,1.1814,-0.13134,2.0627,-1.1465,-1.7272,1.5852,-0.28078,-0.74691,-0.0053983,-0.58872,0.62745,0.51578,-0.47064,0.085662,-0.81465,0.70645,-0.36022,-0.43663,-0.32171,-0.37001,0.082094,0.21739,-0.20035,-0.71108,-0.33399,1.7342,0.07034,-0.18962,-0.32224,-0.29793,0.67963,1.4487,-0.031558,0.84531,1.5875,1.2494
-0.45076,0.62683,-0.58703,-0.12326,-0.71365,0.62711,-0.69121,-0.54938,-0.60206,0.81075,0.41934,0.79194,0.13336,3.537,-0.024755,-0.19606,-0.3145,-0.31234,-0.51838,-0.4741,-0.21509,0.16222,1.5783,0.061801,-0.30552,0.92867,-0.010074,2.5975,-0.64218,-0.59806,1.1678,-0.31267,-0.36332,-0.34129,-0.080787,-0.030753,0.17962,0.051621,0.13777,-0.82674,0.17208,-0.41338,-0.10068,-0.25216,-0.29382,1.3558,-0.18103,-0.15714,1.0139,0.013182,1.2241,1.0263,-0.10869,-0.5151,-0.012007,0.71859,0.54545,-0.54161,-0.01804,0.911,-0.41287
-0.73201,0.70374,-0.9169,-0.2309,-1.0309,0.21196,-0.41623,-0.35366,-0.24964,1.3905,0.58066,-0.098034,-0.31941,1.6675,0.067388,-0.48303,-0.082346,-0.12236,-0.65878,-0.64729,-0.54022,0.41912,0.44474,-0.29601,0.491,-0.72837,-0.94924,1.6935,0.60294,-0.012757,0.95546,-0.29784,-0.46184,-0.87047,0.17734,-0.86237,-0.18985,-0.019351,0.5372,-0.53703,-0.76076,-0.46095,0.23227,0.32308,-0.45598,0.61766,0.036243,-0.086472,0.0019639,-0.064606,-0.25155,1.4879,-0.30773,-0.14518,0.16351,0.3864,-0.55218,-0.70614,-1.0247,0.2271,0.029073
-0.66858,0.7925,-0.19118,-0.27457,-1.2305,0.03892,-0.36718,-0.76833,-0.52669,1.2771,0.59324,-0.0094672,0.017506,0.48332,-0.31271,-0.4725,-0.81022,-0.10945,-1.0308,-0.83672,-0.079986,0.33495,0.87627,-0.15976,0.10212,0.43599,-0.069744,0.56932,0.40183,-0.6846,0.2437,-0.37974,-0.4011,-0.64502,-0.15742,0.056816,-0.11076,-0.16409,0.4495,-0.85346,-0.18026,-0.56152,0.39247,-0.16688,-0.21842,0.6505,-0.38828,-0.06346,0.83087,0.077074,-0.57255,-0.46797,-0.067734,-0.3964,0.26679,1.2977,-0.52872,-0.82919,-0.96571,0.3238,-0.009611
-0.19028,0.49742,-0.28332,-0.12689,-0.56124,0.32485,-0.36896,-0.083681,-0.18332,1.0145,0.56442,0.083262,-0.011036,0.21476,0.37802,-0.66718,-0.78301,-0.33676,-0.38895,-0.35476,0.28462,0.58117,0.17832,-0.17101,-0.43425,0.16836,-0.19006,0.43627,-0.030636,-0.40866,0.051263,-0.47056,-0.28353,-0.49744,-0.025654,-0.29227,0.0096391,-0.44835,0.19753,-0.77601,0.10793,-0.62259,-0.036415,-0.40766,0.03126,0.14621,0.021399,-0.15779,0.64523,-0.24996,0.30251,0.15222,0.051869,-0.040933,0.097523,0.96103,1.4427,-0.72562,-0.72247,-0.24283,-0.049509
-0.1727,-0.10849,-0.50582,-0.011336,-0.62797,-0.097004,-0.41703,-0.50758,0.032053,0.62176,-0.046147,-0.23477,-0.075608,-0.11429,0.57263,-0.57496,-0.61275,-0.15896,-0.31079,0.035288,-0.14425,0.24878,0.091564,-0.065089,-0.46547,-0.66628,-0.93988,0.28982,0.80438,0.23802,-0.28211,-0.24004,-0.117,-0.64778,0.40254,-0.5828,-0.13947,-0.51062,0.20255,-0.49029,-0.31421,-0.40204,-0.035382,-0.24946,-0.10551,-0.12514,-0.13359,-0.35536,0.70184,0.083474,-0.43857,0.79185,-0.12463,0.11349,0.51379,0.25728,1.6826,-0.53337,-0.46252,-0.6836,-0.014647
-0.26738,-0.13792,0.19988,-0.24737,-1.6023,-0.65989,-0.23089,2.2223,-0.54041,-0.34306,-0.093786,-0.11781,0.022037,-0.0032339,0.16942,-0.49541,-1.0308,-0.060194,0.0049087,0.39638,0.3107,0.94153,-0.49872,0.16376,0.81332,-0.84298,-0.72033,0.0033624,0.81292,0.1346,-0.3722,-0.57606,0.24676,-0.58038,0.36694,-0.52244,0.22262,-0.33151,0.068307,-0.12414,0.9637,-0.3522,-0.79652,-0.1966,0.92234,0.25647,-0.76441,-0.16372,0.17844,0.026409,1.0421,0.23804,-0.12277,-0.52822,1.2931,-0.32802,1.3354,-0.175,-2.0614,0.22883,-0.49587
-0.088873,-0.5305,0.5443,-0.2132,-1.9388,-0.50506,-0.20649,4.3377,-0.5824,-1.0648,-0.62662,-0.43438,-0.13196,0.015384,-0.84729,0.6171,-1.0904,-0.033087,-0.2474,0.84809,0.9344,0.85754,-0.14285,0.17223,0.75172,-1.1065,-0.60263,0.54828,0.81777,0.7911,-0.2902,-0.52864,-0.02727,-0.77969,0.31948,-0.89437,-0.16936,-0.6595,0.086921,0.014237,0.36108,-0.49136,-0.70664,-0.22452,0.95705,0.0062867,-1.2246,-0.1616,1.3237,-0.035003,0.61494,0.1432,-0.17498,-0.59561,0.98681,-1.4458,0.85754,-0.29841,-2.4312,-0.1686,-0.58699
0.085157,-0.41906,0.58398,-0.037602,-1.5603,-0.71859,-0.49003,1.9698,-0.44836,-0.72639,-0.77388,-0.44064,-0.24389,-0.35554,-0.46797,0.66231,-1.0271,-0.081663,-0.44219,-0.10486,0.25818,0.24041,-0.15548,-0.35445,-0.2833,-0.88461,-0.42845,0.069802,0.62183,0.23172,-0.49036,-0.38801,-0.7828,-0.73887,-0.45932,-0.29081,-0.83222,-0.83656,-0.073737,-0.47521,-0.40612,-0.47784,0.093376,-0.51701,-0.14693,-0.28753,-0.28272,-0.30083,0.70792,-0.3162,-0.61045,-1.6004,0.022584,-0.39646,0.36429,0.8583,-0.067007,-0.33067,-0.95183,0.032528,0.088469
-0.20657,-0.06461,1.0553,-0.084884,-1.6768,-0.69865,-0.48648,2.1954,-0.40487,-0.13195,-0.78565,0.30977,-0.40962,-0.74333,-0.17055,0.036205,-0.91799,-0.22996,-0.45758,0.25731,0.25762,0.11418,-0.34532,-0.3271,-0.23019,-0.79203,-0.66934,-0.16629,0.76456,0.97687,-0.60037,-0.076625,-0.91379,-0.94169,0.20522,-0.8267,-0.13302,1.7134,-0.029399,-0.48153,0.15733,-0.6949,0.005268,-0.1562,-0.062043,-0.036999,-0.42904,-0.1667,0.48324,0.15098,-0.34837,-0.98078,-0.0017046,-0.40908,0.3398,-0.10841,0.19308,-0.45903,-2.393,-0.39367,-0.35363
-0.23901,0.14618,0.91301,-0.79305,-1.4847,-0.82499,-0.48315,1.1412,-0.37674,0.12851,-0.66178,0.44474,-0.41987,-0.85994,-0.32859,-0.25357,-0.632,-0.17039,0.088026,-0.24019,-0.28239,-0.21964,-0.18012,-0.51321,-0.095089,-0.63776,-0.47079,-0.44176,1.055,-0.090584,-0.83701,-0.10819,-0.20523,-0.61155,0.35731,-0.38855,-0.15134,1.0088,0.0010547,-0.22267,-0.14436,-0.73961,0.62051,0.043422,0.057113,0.77942,-0.39049,-0.23697,0.46669,0.026398,-0.73768,-0.2664,0.12507,-0.50072,0.1793,0.02738,-0.33152,-0.5534,-1.3112,-0.33577,-0.14977
-0.72559,0.7952,0.93521,1.927,-1.2394,-0.98458,-0.44337,1.1314,-0.3754,-0.41409,1.7183,0.33013,-0.89177,-1.1364,-0.19087,-0.21878,-1.3352,-0.17234,0.41589,-0.32295,0.56121,0.26601,-0.61989,-0.35449,-0.71805,0.038675,-0.38536,-0.47888,0.8056,-0.37954,-0.60859,-0.14919,-0.80893,-0.024223,-0.24541,-0.058292,-0.25583,0.59036,0.031523,-0.20918,-0.2309,-0.69611,0.72695,-0.34683,0.38372,0.47312,0.22663,-0.11823,0.29723,-0.52784,-0.98757,-1.1294,0.12347,-0.29628,0.35901,0.44195,-0.52731,-0.55936,-0.62561,0.22329,-0.17997
0.18892,0.43606,0.10807,7.8323,-0.92717,-0.74623,-0.32438,0.56708,-0.046744,-0.66467,1.3754,-0.29837,-0.79028,-0.32648,-0.50949,-0.18115,-1.5185,-0.41789,-0.6544,-0.53582,0.90517,0.33336,-1.2571,-0.2713,-0.65894,0.64744,-0.12381,0.098798,-0.23807,-0.44932,-0.41862,0.094859,-0.67203,-0.76097,0.073853,-0.27832,-0.20595,0.025467,-0.19622,-0.23762,0.28139,-0.62068,0.623,-0.41844,0.5278,-0.04482,0.040844,-0.24853,-0.73985,-0.35167,1.3044,-2.1425,-0.10841,-0.29898,0.00118,0.037517,0.8831,-0.43686,-1.8782,-0.52599,-0.63205
0.39555,0.23079,-0.5581,5.1423,-0.64428,-0.79397,-0.42784,0.14616,0.29766,-1.084,0.85879,-0.58565,-0.29427,-0.66829,-0.56545,-0.47935,-0.45097,-0.39823,-0.14238,0.23151,-0.33236,0.087803,-0.99883,-0.26485,-0.11531,-0.058867,-0.45031,0.46181,-0.017246,0.059331,-1.0445,-0.098969,-0.35743,-0.71372,0.43251,-0.94656,0.45005,0.21714,0.16866,-0.11077,-0.024413,-0.52817,-0.13835,-0.24494,0.48836,-0.627,-0.049644,-0.26711,-0.33855,-0.28353,2.8123,-0.44597,0.084708,-0.55631,0.11674,0.88802,1.2324,-0.62389,-2.1615,-0.35788,-0.87369
-0.30441,0.57983,-0.11919,3.9438,-1.1887,-1.0599,0.44035,0.18402,0.29957,0.15336,0.22936,-0.36359,-0.50103,-0.47292,-0.48966,-0.43143,-0.74947,-0.15834,-0.064615,0.86088,-0.24681,-0.22202,-0.3628,-0.0052007,-0.20171,-0.07778,-0.51199,-0.34405,0.45481,0.79591,-0.63185,-0.099541,-0.65849,-0.08176,0.27537,-0.38806,0.37267,-0.18595,-0.09336,0.31462,-0.06034,-0.36307,0.43578,-0.17198,0.35583,0.3245,-0.31492,-0.10397,0.68132,-0.044401,0.63979,-0.80882,-0.3329,-0.36032,0.62478,-0.54941,0.11329,-0.4847,-1.235,0.18179,-0.65257
-0.10044,3.1486,0.47491,3.4549,-0.015192,-1.2335,1.3637,-0.39495,0.31897,3.4232,1.048,-0.069775,0.38082,1.0993,0.60191,-0.84051,-0.73758,-0.45138,0.43222,0.70502,-0.84053,0.11117,0.20122,0.25232,-1.1075,0.043044,-0.010521,-0.73842,-0.60238,0.12985,-0.49762,-0.33542,-0.83673,0.84765,-0.091354,0.29934,-0.076981,0.23638,-0.42514,0.28979,0.62708,-0.55607,0.020344,0.058996,0.55043,0.46815,0.74972,-0.19153,0.83112,-0.19668,2.3364,-1.92,1.0726,0.42248,1.4547,0.41539,0.40793,-0.80827,0.3708,0.20507,-1.2265
-0.3278,2.1169,0.056376,2.2963,2.1738,0.0029363,1.0248,-1.3744,0.15054,1.9753,0.87107,-0.31218,-0.29925,0.70959,-0.2309,0.096062,-0.60949,-0.491,1.1453,0.96021,-0.92004,0.60584,2.2371,0.58277,-1.0035,0.52191,0.49783,-0.24165,-0.58074,1.2995,-0.20718,-0.37491,-0.90121,0.68758,0.056297,-0.57626,0.27798,-0.41823,-0.40279,0.3844,0.21397,-0.58934,0.14019,-0.31848,1.3106,1.7846,0.19817,-0.11757,2.3377,-0.56304,1.3679,-1.9901,0.76275,0.033645,1.1966,-0.32847,0.85131,-0.79036,0.55183,0.87824,-1.8345
-0.23702,1.5127,-0.58429,1.445,1.6562,-0.27831,0.75583,-0.87203,0.27241,1.7656,-0.47646,-0.65595,-0.42765,0.09793,-0.65657,-0.15543,0.14384,-0.40713,0.53807,1.0416,-0.74994,-0.3662,0.40375,-0.33433,-0.58436,-0.11157,-0.024282,0.21955,-0.34657,2.4276,-0.73015,-0.1371,-0.33792,0.82463,0.14293,-0.70704,0.073084,-0.68601,-0.24844,0.0017192,0.1505,-0.43688,0.60671,-0.23289,0.64857,1.2372,1.1115,-0.13052,0.61925,0.033362,1.439,-0.98575,-0.17678,0.88217,0.78592,0.34261,1.2137,-0.19573,0.23949,0.65373,-1.4079
-0.61022,1.3379,0.14595,0.57312,2.1159,-0.87291,0.14534,-1.3176,0.037305,0.62629,0.19034,-0.63048,-0.4294,-0.17458,-0.81509,-0.078982,0.9558,-0.42717,-0.13769,0.30091,-1.1173,-0.29934,1.5123,0.088398,-0.87793,-0.0037502,0.08965,2.1535,-1.2429,1.0417,0.80332,-0.10457,-0.60055,0.66596,-0.10289,-0.43541,-0.063616,-0.83942,-0.15531,-0.70604,0.50787,0.061216,1.0515,-0.38132,0.47597,0.73126,1.946,-0.094167,0.12688,0.36905,2.5622,-1.225,-0.085317,0.58524,0.32146,-0.64323,0.056799,-0.25465,0.86692,-0.033296,0.23545
-0.27078,0.076572,0.067423,0.41591,1.849,-0.45018,0.091864,-1.3802,0.077892,-0.33813,-0.85355,-0.12523,-0.38621,0.45825,-1.0593,0.18627,1.1467,-0.47919,0.15238,-0.60812,-0.94629,-0.80269,0.61623,-0.28959,-0.4977,0.43994,0.22745,2.1408,-1.1631,0.98086,1.7007,-0.15469,-0.55868,-0.21372,0.48198,-0.43389,-0.0066474,-0.80577,0.015423,-0.54272,0.837,-0.01291,1.0377,-0.22227,-0.14654,0.66144,1.6865,-0.17393,-0.40894,0.022253,3.5131,-1.3126,-0.18999,0.39278,-0.020883,-0.79444,0.13076,0.52224,0.17043,-0.083438,-0.020311
-0.26608,1.0814,-0.31253,0.38187,1.1612,-0.35835,-0.25889,-0.75383,-0.16376,0.10516,1.1533,0.12746,-0.21777,0.29989,-0.52875,-0.0052462,0.38689,-0.55109,0.82761,-0.13697,-0.53102,0.65634,0.71047,-0.022066,-0.43696,-0.055353,0.23705,1.5823,-0.83026,1.5932,1.3404,-0.40595,-0.39718,-0.36121,0.40547,0.26186,-0.3478,-0.32445,-0.30313,-0.38019,0.55057,-0.19467,1.0705,-0.58309,0.056353,0.7813,2.3123,-0.1756,0.15763,-0.34759,1.7257,-0.40017,-0.14043,0.36834,-0.52845,0.52823,2.2859,0.31915,1.0634,-0.12917,-0.44501
-0.57387,0.42346,-0.27454,-0.18712,0.89046,-0.16627,-0.4345,-0.74272,-0.1517,-1.1793,1.4987,0.25632,-0.54563,0.079494,-0.81506,-0.15296,0.16654,-0.53313,0.7325,-0.59223,-0.39777,1.2458,0.84554,0.30532,-0.48953,-0.048974,0.12164,0.72737,-0.80071,-0.18635,1.1547,-0.6141,-0.40413,-0.29562,0.14856,0.37009,-0.41281,-0.40716,-0.45301,-0.40394,0.047101,-0.226,1.0483,-0.82175,0.16027,0.66438,1.9672,-0.029496,0.52952,-0.0066807,1.858,-0.12279,-0.20812,0.033971,-0.62403,0.014227,-0.22085,-0.30865,1.9283,-0.2201,-0.28684
-0.0364,1.2721,-0.57123,0.43229,1.0794,-0.19458,-0.40914,-0.53813,-0.075272,0.33696,1.0114,-0.22343,0.84848,0.58754,-0.18638,-0.3773,0.7286,-0.51479,0.22152,-0.8914,-0.42035,0.84256,-0.93654,0.23907,-0.23265,-0.56299,-0.11366,0.38664,-0.65903,-0.32538,0.78968,-0.45774,-0.25166,-0.40745,0.24039,0.16737,-0.53513,-0.15817,-0.34391,-0.38278,1.6286,-0.26615,-0.21754,-0.48443,0.64374,0.034651,3.5106,-0.010023,-1.1954,-0.032299,2.2512,0.51806,-0.013662,0.58395,-0.52832,0.60919,2.2027,-0.35632,3.2797,-0.76246,-0.078019
-0.28309,3.6005,-0.40336,0.76469,1.3079,-0.17321,-0.46739,-0.62201,-0.24699,4.4239,1.2555,-0.35678,0.62852,-0.17203,-0.28954,-0.47353,-0.11329,-0.44892,-0.42618,0.70354,-0.54169,0.70079,0.28567,0.1341,-0.3759,-0.11945,0.48328,0.68251,-0.11466,0.95077,1.1676,-0.35684,-0.35177,-0.007821,0.12749,-0.55596,-0.42111,-0.44533,-0.2831,-0.66793,1.519,-0.3163,1.5713,-0.47309,0.23198,0.42464,1.827,-0.13718,0.90797,0.014068,0.75053,-0.082312,-0.16385,0.13217,-0.46777,0.46319,1.6033,-0.34869,0.96524,-0.22808,-0.80546
0.0058829,2.5712,-0.77779,0.23653,1.9995,-0.11377,-0.50246,-0.4242,-0.13609,3.2602,0.52254,-0.48234,-0.39626,-0.10806,-0.36957,-0.58436,0.53642,-0.41661,-0.31917,0.23239,-0.309,0.24187,-0.75787,-0.39224,-0.35274,-0.50954,0.1162,0.56466,-0.36051,0.49512,0.67806,-0.082498,-0.28889,-0.084181,0.24895,-0.72854,-0.81452,-0.55743,-0.4549,-0.51964,1.135,-0.4369,0.63511,-0.41689,0.029596,0.087987,2.3894,-0.13477,-0.22277,0.062832,0.82347,0.22599,-0.067421,0.016223,-0.67783,-0.38825,1.88,-0.39889,0.40364,-0.7037,-0.17522
-0.79188,2.2593,-0.2549,-0.36848,0.82037,-0.71245,-0.39236,-0.58254,-0.39182,1.8466,1.0551,0.82624,0.32668,0.12561,-0.084415,-0.58227,0.61804,-0.45024,1.3846,-0.10969,-0.50204,0.47217,-0.51939,-0.94917,-0.52463,-0.63019,-0.020733,0.12255,-0.82971,0.80185,0.40087,-0.035848,-0.3258,0.086501,-0.046363,0.20872,-0.39784,-0.31565,-0.71022,-0.31353,1.0575,-0.25842,0.60073,-0.44361,0.33395,0.84038,2.3423,-0.010626,-0.24307,-0.21901,1.4461,-0.14977,-0.076404,-0.15925,-0.38247,-0.13169,2.0882,-0.25286,1.2032,-0.39512,-0.022617
5.2721,1.3718,-0.33656,0.57023,0.30814,0.56553,-0.45985,-0.95924,-0.053094,1.5508,0.29537,1.0755,-0.30924,-0.44368,1.016,-0.86267,-0.41411,-0.51764,1.2369,-0.79816,-0.83993,0.39804,-0.32983,-0.071426,-0.45552,-0.55476,-0.00037112,-0.48656,-0.7664,1.5846,0.71642,-0.04115,-0.87914,-0.34276,-1.2311,0.78021,0.20184,-0.38362,-0.68917,-0.20967,0.51149,-0.71301,0.70568,-0.53619,-0.35338,0.37067,0.41909,-0.0032797,-0.15751,-0.88492,1.5906,-1.3415,-0.12703,0.24647,0.31733,-0.024274,0.48572,0.085808,1.1217,0.40755,-0.9148
7.2412,1.3508,-0.43962,1.1332,-0.29419,0.50658,-0.6491,-1.2735,-0.53503,1.8206,1.2142,-0.78284,-0.2795,1.2899,0.67991,-0.50584,-0.098736,-0.54925,-0.79762,-0.68948,-1.3376,-0.040105,-0.17127,-0.11627,-0.53107,-0.83718,-0.24745,0.084226,-0.88407,0.85799,0.52121,0.030351,-1.1097,-0.2712,-1.167,-0.11803,-0.082503,-0.2044,-0.53022,-0.54806,-0.37645,-0.64289,0.45319,-0.68033,-0.25708,-0.50714,0.88007,-0.22922,0.28716,-1.0485,1.0018,-1.5528,-0.15975,-0.44196,0.67671,0.45205,-0.21805,0.30383,1.8744,0.21,0.22319
8.8951,4.599,0.31346,-0.01968,0.14987,2.1094,-1.1105,-1.7557,-0.47876,4.4135,5.5348,-1.3931,0.68748,0.6096,2.8214,0.47912,-0.94305,-0.17453,-2.1514,1.15,-0.66201,0.21183,-2.4398,0.25517,-0.45035,-0.026952,-0.011378,0.35052,-1.1166,2.5582,0.27842,-0.22173,-1.3194,0.6203,-0.80488,-0.74632,0.13423,1.4167,-0.23048,-1.2153,1.4502,-0.70683,-1.7785,-1.3926,-1.2932,-2.8052,0.26454,-0.20032,-0.010419,-1.0516,2.1517,-2.42,0.0048792,-0.79526,0.34304,1.1639,1.5541,0.26346,2.1388,1.5959,-0.24592
6.6403,4.5098,-0.08697,-0.22291,-0.11213,1.337,-0.43687,-1.3539,-0.47167,3.3273,4.9309,-0.40027,0.54376,0.19322,1.6017,0.051421,-0.44694,-0.29487,-0.94335,-0.046823,-1.2705,0.11734,-1.6689,-0.34441,0.26907,-0.50109,-0.77138,1.3004,-0.10451,1.9412,0.3276,-0.31267,-1.0727,-0.65559,-0.10277,-0.74885,-0.67854,2.3404,-0.012229,-0.42448,-0.17817,-0.33903,0.13935,-0.44703,-0.46971,-1.1394,0.89839,-0.12233,-0.70519,-0.42154,-0.38614,-1.2623,-0.22385,-0.61819,0.055692,0.79139,-0.59131,-0.2409,-0.37522,0.46472,-0.5771
4.1212,3.927,0.0037925,-0.43927,-0.19101,0.8233,-0.54564,-0.88887,-0.48076,2.5874,5.0251,-0.78128,-0.43951,-0.20732,0.72623,-0.14395,-0.57462,-0.37282,-0.48759,-0.26105,-1.166,-0.0029086,-1.7226,-0.96543,-0.35029,-0.95425,-0.92014,1.1763,-0.23321,1.1705,-0.0064546,-0.36531,-1.2,-0.87874,0.079397,-0.85431,-0.67539,1.832,-0.30027,-0.4246,-0.92463,-0.34251,0.53301,-0.19443,0.76555,-0.65633,0.49896,-0.28632,-0.82869,-0.47666,-1.569,-1.6515,-0.37106,-0.63933,-0.2388,-0.17659,-1.2622,-0.32427,-0.99626,-0.40643,-0.064482
3.6924,2.9745,-0.56011,-0.60202,-0.1432,0.66644,0.92635,-0.7307,-0.35677,1.2972,3.8639,-0.97316,-0.54544,-0.50156,0.32011,-0.4578,-1.071,-0.39661,-0.78613,0.41174,-0.49403,0.07744,-1.0985,-0.64342,-0.38419,0.37472,-0.13467,-0.62444,0.053531,1.5176,-0.17558,-0.6179,-0.61677,-0.85141,0.15069,-0.26437,1.1716,0.57551,0.059601,0.49722,1.0346,-0.45711,-0.028022,0.30225,0.39349,-0.47817,-0.20051,-0.17038,0.12811,-0.2671,2.1836,-1.9861,-0.19276,-0.47256,0.13726,-0.73996,2.4046,-0.66603,-1.6143,-0.27669,-0.3847
2.5942,1.9933,-0.24742,-0.34623,-0.48235,-0.039142,0.97551,-0.79368,-0.50812,0.22546,2.6884,-0.83436,-0.42561,-0.5484,-0.40294,-0.46678,-0.9414,-0.34954,-0.18644,-0.43438,-0.70041,-0.64228,-1.1137,-0.67092,-0.92865,-0.62886,-0.061825,0.94439,0.12592,0.35011,0.043067,-0.31228,-1.0434,-0.57645,-0.94735,-0.31806,-0.13978,-0.081674,-0.037716,0.22869,-0.13838,-0.18609,0.83143,-0.49645,0.15478,-0.77967,0.6023,-0.18608,-0.56861,-0.36988,-0.49567,-1.7041,-0.32771,-0.68251,0.040642,-0.19998,-0.12075,-0.40507,-1.3754,0.13995,-0.090436
2.3645,1.3146,-0.046491,-0.54209,-0.065433,-0.39104,1.1935,-1.0154,-0.55036,-0.27337,1.9614,-0.5464,0.020678,0.75649,-0.66527,-0.61018,-0.80406,-0.39675,1.9511,-0.40927,-0.86127,-0.45079,-0.98328,-0.9333,-0.22935,-0.095795,-0.77423,1.9665,-0.11869,0.52014,0.044014,0.30712,-0.75653,-0.05705,-0.88193,0.60193,-0.23232,-0.41866,0.26225,-0.13473,1.0577,0.028471,-0.11024,-0.24878,-0.75481,1.1713,0.37173,-0.24197,-0.70583,0.065621,0.59304,-2.0282,-0.25992,-0.61281,0.084757,0.37824,0.32382,0.2141,-0.14109,-0.019344,0.51897
1.4894,1.1786,-0.29066,-0.45562,0.13457,-0.20473,1.8438,-0.40132,-0.41859,0.15812,1.5632,-0.50907,0.098794,2.7657,-0.49478,-0.65234,-1.0669,-0.4295,1.5261,1.2501,-0.35558,-0.14734,0.5888,-0.70401,0.7075,1.1404,0.045981,0.85604,0.17259,2.3502,0.16165,-0.19174,-0.36615,0.015675,0.29786,0.37957,0.30596,-0.21414,0.30184,0.0037245,0.71195,-0.075992,0.23085,0.14908,-0.52095,1.9135,-0.17153,-0.10997,1.2456,-0.018246,0.25552,-1.6524,-0.12879,-0.38912,0.35178,0.15002,0.10871,0.077524,-0.85422,0.20841,-0.63402
1.1399,0.7358,0.010031,-0.51796,1.4553,-0.074618,1.1397,0.19507,-0.2267,-0.76354,1.225,-0.025645,-0.24622,1.1038,-0.54412,-1.0495,-1.0369,-0.46765,1.0042,-1.0705,-0.45223,-0.18587,-1.6356,-0.47435,-0.29065,0.56509,-0.18295,1.6712,-0.81864,-0.185,0.85185,-0.35167,-0.18234,-0.68992,-0.43892,-0.13906,0.27523,-0.81641,0.58238,-0.45634,0.27292,-0.39505,0.47265,-0.60969,0.26929,0.27623,-0.10206,-0.13794,-1.4699,0.41578,-0.36985,-1.4942,-0.14909,-0.30424,-0.14113,-0.032776,-0.027517,-0.44517,-1.3224,-0.029002,-0.47508
-0.32416,0.76618,-0.28779,-0.89968,1.5396,-0.024648,0.84054,-0.069342,-0.33861,-0.61306,0.93848,-0.30331,-0.78316,0.78734,-0.81939,-0.58533,-0.54898,-0.43618,0.92219,0.31649,-0.63873,-0.385,-1.6246,-0.5671,-0.23603,0.74571,0.34885,1.294,-0.51861,0.61234,1.5068,-0.068478,-0.43101,0.30778,0.11867,-0.50286,0.26613,-0.86767,0.30588,-0.35977,0.46488,-0.18098,0.45114,-0.10901,0.52853,0.25718,0.024074,-0.20727,-0.91653,0.17353,1.4108,-1.5247,-0.21666,-0.26549,-0.84055,-0.89226,1.2196,0.065207,0.12469,-0.35399,-0.38205
4.1408,0.7474,-0.16528,-0.54885,2.8681,1.5734,0.35523,0.062355,-0.30153,0.12467,0.82298,-0.93776,-1.0553,0.4164,-0.65196,-0.19641,-0.41655,-0.37684,-0.058828,1.357,-0.40701,-0.3301,-1.2896,-0.01072,-0.43105,0.49273,0.41894,0.46969,-0.29255,1.2891,1.608,-0.041653,-0.42397,0.46048,-0.32428,-0.76413,-0.63286,-0.8613,0.076522,-0.51449,-0.39953,-0.30243,-0.19378,-0.29253,-0.44393,0.45878,-0.52931,-0.031447,0.34436,-0.22706,-0.17729,-1.1541,-0.24734,-0.50944,-0.97922,-0.93362,0.34121,0.11068,0.99905,0.34843,-0.56525
5.269,-0.12201,-0.24544,-0.1774,2.174,1.0768,0.11059,-0.58105,-0.19896,-0.58958,-0.084051,-0.22593,-0.43827,0.94051,-0.86491,-0.42288,-0.022558,-0.50393,-0.49797,-0.12424,-0.86193,-0.66485,-1.0248,-0.42869,-0.28341,0.64932,0.18346,1.0828,-0.62766,0.092934,1.2629,0.02003,-0.66421,-0.45653,-0.46807,-0.2232,-0.27279,-0.71066,-0.27794,-0.60435,-0.33925,-0.24215,0.13935,-0.3995,-0.20832,0.70836,-0.29282,-0.067844,-0.71784,-0.04714,0.073112,-1.4769,-0.097349,-0.19491,-0.98511,-0.66463,0.13496,-0.11429,-0.37983,-0.14705,-0.50266
2.8528,-0.068642,-0.19602,-0.064796,1.1726,0.51544,0.062245,-0.46547,-0.3925,-0.712,-0.22566,-0.33898,-0.59737,0.2869,-1.1419,-0.24343,-0.73147,-0.35345,-0.6329,0.37389,-0.61231,-0.62212,0.0073537,-0.24084,0.92705,1.3433,0.1132,1.4964,-0.044308,0.18699,1.5412,0.024214,-0.21927,-0.10202,-0.22834,-0.14353,0.19128,0.075857,0.15018,-0.67017,-0.0833,-0.026958,0.43669,0.05679,-0.1368,3.0543,-0.32458,-0.062239,1.6734,0.0032606,0.53938,-1.0053,-0.17157,-0.38672,-0.31131,-0.74918,0.65451,0.0090055,-0.80893,-0.20745,-0.33643
2.2271,-0.44921,-0.10357,-0.18933,0.38049,0.17412,-0.082002,-0.17439,-0.37952,-0.61121,-0.39761,-0.55311,-0.32529,0.26164,-1.0491,-0.10596,-1.1547,-0.29261,-0.96136,0.27418,-0.45963,-0.48216,-1.5317,0.017271,1.1991,1.6846,0.3733,0.39915,-0.050647,-0.47066,0.78764,0.24832,-0.48269,-0.091108,0.14555,-0.0012282,0.7503,-0.5153,0.0097935,-0.61064,-0.050618,0.081256,0.073134,-0.17493,-0.41013,1.9519,-0.80365,-0.12013,1.0435,-0.076602,1.2629,-1.2375,-0.1495,-0.27493,-0.28098,0.33241,0.59913,-0.072802,-1.1518,-0.14781,-0.65942
0.7187,-0.9008,-0.055391,-0.397,-0.43109,-0.45578,-0.14981,-0.0093338,-0.60617,-1.477,-0.33669,-0.7108,0.073999,0.72824,-0.99676,-0.1057,-1.4036,-0.48817,-0.77253,-0.84095,-0.49098,-0.39896,-3.257,-0.35347,0.30785,0.66997,0.38298,-0.30911,-0.44109,-1.9703,-0.094442,0.45319,-1.3797,0.17711,-0.31523,0.1154,1.0503,-0.019695,-0.57796,-0.36489,-0.65754,-0.041601,-0.68383,-0.14146,-0.40762,-0.72649,-0.83359,-0.17442,-2.0918,-0.26131,1.427,-2.3046,-0.058778,-0.57609,-0.39594,1.2629,0.047347,0.1172,-0.51563,-0.2527,-0.7089
0.90979,0.020195,-0.13426,-0.58012,-0.00059333,-0.31888,0.24063,0.14653,-0.54479,-0.92842,0.47201,-0.158,-0.40924,-0.047208,-0.81818,-0.71857,-0.39358,-0.14741,-0.17962,-0.51217,-0.16483,-0.011761,-1.0657,-0.7647,-0.060745,0.45366,0.33333,0.78621,0.13663,-0.86542,1.0868,-0.2753,-0.3059,-0.061567,-0.47304,0.083427,0.053696,-0.23862,0.087065,-0.38344,-0.094976,-0.31361,-0.15928,-0.040686,1.1372,1.6609,-0.89233,-0.092912,-0.37457,0.29522,-0.56732,-0.30687,-0.13965,-0.48488,-0.23921,-0.47327,0.016197,-0.41589,-0.84791,0.2379,-0.30101
0.56946,-0.26651,-0.38628,-0.48737,0.53323,-0.16676,0.13251,0.2204,-0.096201,-0.93297,-0.10117,-0.59847,-0.37163,-0.35029,-0.86924,-0.6256,-0.34394,-0.18906,0.21025,-0.17989,-0.49191,-0.14977,2.0866,-0.34201,-0.037609,-0.081164,0.19394,0.076426,0.018594,-0.59391,0.40808,-0.32217,-0.19712,-0.17239,0.0066216,0.19758,-0.47349,-0.45871,-0.21356,-0.11754,0.22205,-0.24461,-0.14966,-0.17692,0.18222,0.50092,-1.0339,-0.35081,0.73944,0.10768,-0.371,0.40057,-0.25477,-0.092346,0.075197,-0.37301,0.18853,-0.28061,-0.52954,-0.13108,-0.33657
0.45662,-0.58975,-0.18329,-0.31242,-0.038195,-0.33617,0.12181,0.18647,-0.21938,-1.1936,-0.26163,-0.61531,0.0092304,-0.35372,-0.85789,-0.4734,-1.281,-0.12621,-0.23391,-0.43165,-0.29208,0.063329,2.5373,-0.12097,0.16822,0.30632,0.036466,-0.41476,0.30221,-0.65336,-0.12261,-0.25709,-0.23784,-0.34778,0.064342,0.10675,0.69721,-0.17598,-0.16415,-0.2185,0.7554,-0.12261,-0.048379,-0.44213,0.35492,1.2342,-1.0119,-0.21742,1.2221,0.16398,0.13451,-0.52379,-0.1921,-0.24674,0.14605,-0.43379,0.84817,-0.43802,-0.99162,-0.25268,-0.19745
0.16446,-0.88684,-0.26849,-0.31413,-0.014561,-0.328,0.11536,-0.087656,0.0073201,-2.1186,-0.20656,0.083285,-0.85058,-0.73808,-0.91846,-0.6457,-1.3148,-0.25369,0.15965,-0.43344,-0.37857,0.28932,1.6928,-0.24157,-0.26478,2.5224,-0.29153,-0.89297,-0.15948,-1.0963,-0.12687,-0.31127,-0.79898,0.29872,-0.5022,0.54649,3.9355,-0.66101,-0.47327,-0.37963,1.2193,-0.41196,0.87875,-0.62872,0.94542,1.9734,-0.84172,-0.047724,1.2311,0.27417,0.71646,-1.251,-0.050042,-0.37362,-0.40185,0.91605,1.079,-0.51491,-0.4392,0.32585,-0.50569
0.0088838,-0.53636,-0.42711,-0.40016,0.9422,-0.74457,0.059925,0.11188,0.62517,-0.93662,-0.46674,-0.52041,-0.5922,-0.93749,-0.9166,-0.69463,-0.514,-0.2021,-0.057041,-0.28823,-0.22321,-0.0053208,0.66297,-0.40948,0.1128,1.8383,-0.071428,-0.81782,-0.011613,-0.94513,-0.098952,-0.13531,-0.55688,0.11893,-0.29268,-0.26213,1.6884,-0.69878,-0.15877,-0.13076,0.55019,-0.46681,0.15649,-0.52672,-0.57926,0.98694,-0.69642,-0.15577,-0.067038,0.094236,0.46854,-0.39195,-0.13769,0.55247,0.023823,0.65499,0.3426,-0.30689,-1.2588,0.13299,-0.66139
-0.32292,-0.18178,-0.39301,-0.3768,0.093376,-1.1672,-0.050205,0.24942,0.23932,-0.36704,-0.29374,-0.65557,-0.47448,-0.71075,-0.66194,-0.66695,-0.37301,-0.1995,-0.33625,-0.49238,-0.30473,-0.0066454,-0.30889,-0.15089,0.13587,0.8039,-0.12098,-1.0577,0.090387,-0.98954,-0.38614,-0.030926,-0.54982,-0.29657,-0.36492,-0.17745,1.1665,-0.22729,-0.0013987,-0.25712,0.90907,-0.35076,-0.76944,-0.33087,-0.42949,0.71564,-0.79943,-0.19052,-0.1176,-0.090303,0.45608,-1.5127,-0.21885,0.41657,0.27102,0.22297,1.175,-0.098019,-1.6213,-0.21069,-0.59985
-0.20848,0.012032,-0.44659,-0.3036,0.045761,-0.94307,-0.26593,-0.12764,0.10394,-0.69632,1.3199,-0.44895,-0.60882,-0.7281,-0.59253,-0.77789,-0.098515,-0.24517,0.0078112,-1.0483,-0.072527,0.88163,-0.95539,-0.21495,-0.61197,1.2494,-0.52126,-0.56055,-0.43125,-1.6789,-0.82382,-0.34234,-0.46291,-0.10306,-0.71587,-0.20737,2.752,-0.46854,-0.49645,-0.19326,0.53103,-0.53216,-0.30093,-0.36712,-0.22139,-0.077655,-0.93256,-0.013531,-1.2272,-0.39776,1.2081,-0.99603,-0.063324,-0.10134,-0.15319,-0.28431,1.7851,-0.63928,-0.7735,0.83972,0.082677
-0.19247,-0.29649,-0.64948,-0.27635,0.027535,-0.86814,-0.43387,-0.44302,-0.10838,-0.64667,1.0037,-0.57258,-0.63029,-0.58857,-0.93309,-0.30253,0.10093,-0.24047,-0.68438,-1.1966,-0.22943,0.75637,-1.2077,-0.40021,-0.6801,1.211,-0.27882,0.30133,-0.3329,-1.5549,-0.80615,-0.19096,-0.70519,-0.30862,-0.79471,0.11775,1.6895,-0.37239,-0.55472,-0.46713,0.44816,-0.27565,-0.060286,-0.45153,-0.48021,1.034,-0.28379,-0.12017,-1.6316,-0.40023,0.80307,-1.2604,-0.27769,-0.43371,-0.47623,-0.47123,0.60944,-0.065568,-0.86421,1.1157,-0.086822
0.24978,-0.21381,0.051673,-0.21325,0.034946,-0.97815,-0.389,-0.21729,0.18456,-0.38729,0.32718,-0.22142,-0.70902,-0.96662,-0.82566,-0.16619,0.42472,-0.18054,-0.46122,0.023818,-0.098334,0.32231,0.16201,-0.12505,-0.23545,0.46254,-0.1848,-0.031744,0.15745,-0.078175,-1.0539,-0.51431,-0.53539,-0.43837,-0.081993,-0.27397,0.10338,-0.32672,-0.033624,-0.32166,0.60906,-0.079191,-0.27422,-0.18463,-0.60737,1.0646,-0.59975,-0.11083,0.094972,-0.16042,0.32452,-0.36339,-0.26118,0.044392,-0.015811,-0.5633,1.0193,0.0010999,-1.2118,0.49689,-0.2204
-0.1677,0.0013433,0.35232,-0.14465,-0.33117,-1.1781,-0.35787,0.044915,0.10117,0.39146,0.17659,-0.18375,-0.95355,-1.119,-0.72196,-0.24372,0.05026,-0.12529,-0.32057,-0.34486,-0.19105,0.12687,0.25634,-0.050768,-0.22185,-0.075751,-0.1183,-0.26254,0.82386,-0.45181,-0.71897,-0.15913,-0.21498,-0.70189,0.35683,-0.4346,0.16781,-0.73555,0.0039925,-0.33569,0.65807,-0.25639,-0.20948,-0.3004,-0.48616,1.0151,-0.70829,-0.23132,-0.029854,-0.076169,0.39598,-0.35755,-0.13864,0.062554,-0.0094187,-0.96605,1.2474,-0.17122,-1.592,-0.40534,-0.024564
-0.53324,0.18996,-0.08215,-0.51753,-0.40977,-1.3627,-0.18002,0.20455,0.57833,0.18234,0.23175,-0.59298,-0.53264,-1.0364,-0.53607,-0.35804,0.58675,-0.04459,0.023785,-0.53526,-0.71498,0.33301,-0.04866,-0.26828,-0.15064,-0.32299,-0.25073,-0.59147,0.59442,-0.68337,-0.5237,-0.084596,-0.47746,-0.13738,-0.279,-0.41147,0.010991,-0.33168,0.052858,-0.17769,0.64545,-0.20492,0.17571,-0.48496,-0.67379,0.4169,-0.48167,-0.24456,-0.15625,0.17496,0.27975,-0.16305,-0.17082,0.11275,0.34453,-0.94978,0.80422,-0.44979,-0.54658,-0.34782,0.081366
-0.41822,-0.14239,0.0082192,-0.21916,-0.65739,-1.2235,-0.27084,0.21547,0.49495,0.27151,-0.23394,-0.54247,-0.29057,-1.0007,-0.59192,-0.47165,0.97255,-0.06847,-0.19134,-0.77297,-0.4664,-0.064526,-0.3951,-0.21625,-0.12687,-0.20864,-0.35513,-1.399,0.88924,-1.2447,-0.96279,-0.14242,-0.15144,-0.27744,-0.34575,0.21603,0.10012,-0.50242,-0.089059,-0.054255,1.0933,-0.19444,0.0087751,-0.096116,-0.30479,1.3443,-0.63791,-0.076529,-0.4348,0.17283,0.15518,-0.19502,-0.1185,0.075448,0.3317,-0.4022,0.19434,-0.55236,-0.49456,-0.27424,0.14944
-0.59311,-0.36603,-0.1334,-0.6167,-0.82989,-1.2804,-0.30026,0.092517,0.1658,1.3952,-0.57594,-0.71024,-0.66154,-0.82548,-0.63076,-0.42448,0.24799,-0.11845,0.23067,-0.2529,-0.458,-0.24963,-0.45428,0.23239,-0.094817,-0.29126,0.11191,-1.0057,0.79372,-0.87473,-0.70205,-0.098495,-0.48235,-0.31796,-0.14185,-0.15405,-0.10987,-0.54657,0.0036847,-0.098957,0.78522,-0.14533,-0.68571,-0.157,-0.030924,1.2578,-0.99618,-0.19681,-0.44723,0.11161,-0.12328,-0.6779,-0.13156,-0.30938,-0.096683,-0.4031,0.55359,-0.2781,-0.62409,-0.32674,-0.28236
-0.32686,-0.71311,-0.19099,0.82035,-0.52689,-0.99865,-0.29829,0.29467,0.3446,0.63149,-0.96377,-0.85475,-0.47686,-0.74914,-0.82948,-0.45295,0.050447,-0.091759,1.4953,-0.22391,-0.38342,-0.3538,-0.18263,0.36024,-0.34605,-0.098192,-0.41077,-1.2122,0.35075,-0.65453,-1.1723,-0.043928,-0.75194,0.25881,-0.5013,-0.072091,0.5103,-0.73617,-0.1878,0.054004,0.33926,-0.17898,-0.0070732,0.037651,-0.11913,0.8562,-1.1432,-0.099358,-0.13594,-0.0043342,-0.18939,-0.96048,-0.093265,-0.019698,0.019216,-0.58154,0.33091,-0.089417,0.41011,-0.21589,-0.13716
-0.3433,-0.4911,0.0050069,7.2,-0.50292,-1.0865,-0.26912,-0.11007,0.079621,0.87009,-0.64696,-0.13893,-0.4469,-1.0218,-0.67605,-0.53417,-0.36805,-0.098844,3.2251,-2.5033,-0.4468,-0.40114,-2.4108,1.1961,-0.69035,-0.60461,-1.1115,-1.4393,-0.33268,-2.5094,-0.607,0.20721,-1.1075,-0.36617,-1.0128,1.0082,0.58378,-1.0988,-0.54175,-0.035113,1.0759,-0.23093,-0.23385,-0.067005,-0.69113,1.55,-0.3573,-0.1159,-3.6027,-0.23872,0.52138,-1.4579,-0.072509,-0.47423,-0.34176,0.73001,0.40714,0.3157,0.57368,1.2289,0.57922
-0.29695,-0.90364,-0.50372,5.2483,-0.41122,-1.1654,-0.28423,-0.077969,0.20244,0.26693,-1.2377,-0.34978,-0.57659,-0.94057,-1.0541,-0.55218,-0.17151,-0.04546,3.3684,-1.2577,-0.27577,-0.50379,-0.86125,1.3333,-0.53955,0.067164,-0.02736,-0.67925,0.31827,-1.0971,0.30096,0.028189,-1.0797,-0.49134,-0.69756,0.77613,0.055774,-0.56789,-0.057491,0.05808,1.2214,-0.13209,-0.10935,0.24832,-0.53141,1.5509,-0.87184,-0.14052,-1.5854,-0.24075,0.11323,-1.3897,-0.33151,-0.080274,-0.11595,0.33395,0.51263,0.28167,-0.19104,0.75415,0.65139
-0.86462,0.50969,0.0090006,3.3415,-0.74852,-1.3944,-0.50556,-0.17614,0.0077598,0.27061,0.49008,-0.52671,-0.021225,-0.20754,-0.29854,-0.36903,-0.3643,-0.38272,1.1634,-0.97537,-0.33662,-0.30592,-1.3939,0.78456,-0.81741,0.54825,0.15717,-0.22405,-0.57436,-1.6026,0.066214,0.14206,-1.2,0.10608,-0.75456,0.95746,0.5222,-0.4521,-0.54167,-0.36808,0.82087,-0.22486,0.026683,-0.10499,-0.18388,0.29358,-0.38547,-0.13983,-1.1257,-0.37293,0.5239,-1.9807,0.11368,-0.19345,-0.24345,0.38596,0.32937,-0.19679,0.28935,0.49073,0.49378
-0.18445,2.3085,0.40479,2.8614,-0.74751,-0.37061,-0.67651,-0.72214,-0.093848,1.8536,1.1417,-0.16202,0.10958,-0.24666,0.23641,-0.34094,-0.28463,-0.21935,-0.12173,-0.44045,0.29731,-0.69553,-1.27,0.67697,-0.56481,0.012242,0.28847,-0.15916,-0.74979,-1.2641,0.19167,0.15174,-1.0013,0.013985,-0.4847,0.47718,-0.4868,-0.42088,-0.2799,-1.0808,0.53289,-0.35053,-0.62092,-0.26161,-0.36257,1.4164,-0.11552,-0.050511,-0.83167,-0.60658,-1.0772,-1.8467,-0.13945,-0.27082,-0.49973,-0.28879,-0.71185,-0.23198,0.15488,1.5274,0.31342
-0.21418,1.7357,-0.0065095,1.9583,-0.59106,-0.27803,-0.45304,-0.19527,0.045484,0.90797,0.54649,-0.61715,-0.087628,-0.4814,-0.33823,-0.50599,0.36027,-0.0033842,0.86384,-0.6452,0.15533,-0.40417,-1.361,0.059563,-0.025949,-0.33147,0.16157,0.68665,-0.34924,-0.84779,0.36127,-0.12661,-0.37289,-0.64449,-0.4494,0.36914,-0.39456,-0.14123,-0.049844,0.058443,0.3053,-0.31644,-0.1365,0.24786,-0.088198,1.1877,-0.82071,-0.15638,-0.77611,-0.040325,-0.40913,-0.067175,-0.21186,-0.11855,-0.1671,-0.702,0.22203,-0.16499,-1.2475,1.1662,-0.094345
-0.15032,1.1897,0.13646,1.0541,-0.98919,-0.45525,-0.48958,-0.35573,-0.13978,0.63414,-0.14281,-0.35375,-0.37587,-0.50994,-0.21869,-0.52049,-0.48328,0.066114,1.1593,-0.27059,-0.069014,-0.67177,0.35147,0.29448,0.091319,0.053145,0.2916,0.0245,0.46882,-0.42845,-0.0040864,-0.013351,-0.46885,-0.66176,0.25096,-0.59165,0.19046,-0.61073,0.01851,0.3493,-0.064312,-0.24833,-0.41697,0.083778,-0.20684,1.9566,-1.0598,-0.16177,0.2435,0.14234,-0.25069,-0.12687,-0.23481,-0.32227,0.18488,-1.0836,0.16311,-0.21234,-1.3252,0.010447,0.13537
-0.22524,0.65278,-0.15454,0.70684,-0.66816,-0.46425,-0.3714,-0.19998,-0.20451,-0.13887,-0.013549,0.097075,-0.44841,-0.50189,-0.32053,-0.4729,-1.2969,-0.061176,0.89257,-0.39511,-0.014164,-0.16939,1.7411,0.52182,-0.20431,0.8674,0.45525,-0.50609,0.049679,-0.58535,0.026859,0.019081,-0.61883,-0.52997,-0.26331,0.37064,0.89428,-0.68991,-0.070957,0.13769,0.80637,-0.31355,-0.53122,-0.081769,-0.057146,2.2251,-1.1341,-0.12965,0.41324,-0.35555,0.5517,-1.2895,-0.029223,-0.19559,0.14985,-0.376,1.2385,-0.18191,-0.81061,0.45177,-0.258
-0.41174,0.90264,0.40767,0.48241,-1.3156,-0.47094,-0.4342,0.069888,-0.16815,0.60299,-0.038425,-0.17037,-0.38306,-0.45334,-0.45375,-0.23906,-1.0291,-0.091308,0.019637,-0.88183,0.051742,-0.31543,0.644,0.15565,-0.78099,0.79133,0.12649,-0.71497,0.32148,-1.0105,-0.17531,-0.19584,-0.48405,-0.53681,-0.40551,0.43482,0.85704,-0.69794,-0.29758,-0.21571,0.50108,-0.29306,0.12043,-0.20371,0.0079408,2.2686,-0.61532,-0.21893,-0.25149,-0.48975,0.13217,-1.4824,-0.13647,-0.05269,-0.32068,-0.26411,0.66239,-0.048315,-1.3844,0.23711,-0.23827
-0.42922,1.2232,0.02176,0.18646,2.0364,-0.97322,-0.5499,-0.33797,-0.3576,0.57112,0.44465,0.32649,-0.44908,-0.74737,-0.10913,-0.76136,-0.73828,-0.18687,0.80023,-1.4535,-0.29496,0.36137,-1.7739,0.12636,-0.96285,0.57486,0.20765,-0.30192,-0.58456,-2.0647,0.13302,-0.13829,-1.0729,0.13166,-1.0633,-0.3929,0.33654,-0.98807,-0.43806,0.1882,-0.42454,-0.447,-1.7895,-0.35175,-0.3532,1.5129,-1.2923,-0.176,-2.5629,0.010602,-0.88376,-1.9349,0.90948,-0.45822,0.19816,0.018033,-0.19667,-0.33048,0.32988,-0.019769,-0.36327
6.3638,2.6457,7.6482,0.57751,4.7367,-1.1181,-0.81375,-0.43403,0.47861,0.32999,3.6471,-0.062681,-1.1339,-1.5065,0.74211,-1.1355,-1.4615,-0.091312,1.1409,-1.451,-1.1084,2.433,-2.0087,1.0668,-1.0659,2.0999,0.55579,0.15786,-0.69302,-1.74,0.41849,-0.39171,-1.0715,-1.3517,-1.2492,1.7135,-0.058176,-1.1454,-0.079351,0.0014765,0.72644,-0.67092,-1.0442,-1.1276,-1.6678,-0.027834,-0.8027,-0.12801,-1.8752,-0.22215,0.89269,-1.6385,0.71832,0.17021,0.017959,1.2821,0.43279,-0.33637,-0.99747,0.8689,-0.037724
6.044,1.1597,6.56,0.45041,2.9912,-0.91406,-0.61184,-1.0415,0.17744,-0.30162,1.83,-0.32359,-0.64503,-0.57897,-0.23938,-0.65436,-0.98017,-0.25818,0.57415,-1.176,-1.04,1.3644,-1.795,0.23729,-0.69634,1.0587,0.036109,0.10445,-0.58534,-1.8602,0.73147,-0.48698,-0.55581,-0.83892,-0.97621,0.14131,-0.42141,-0.36233,-0.13344,0.10366,0.44732,-0.49068,-0.90108,-0.53891,-0.75736,-0.070938,-0.86168,-0.1444,-1.2428,-0.40114,0.50429,-1.1205,0.27432,-0.057026,-0.48269,0.086793,0.49927,-0.1594,-0.96225,0.38189,-0.23644
4.1833,0.48258,3.4819,0.093055,2.0187,-1.3388,-0.64105,-1.1826,-0.15045,-0.65995,0.69361,-0.37789,0.10755,-0.23654,-0.79009,-0.54415,-0.23762,-0.25478,0.0099192,-1.0158,-0.65781,0.79941,-2.0504,-0.21788,-0.6046,0.2198,-0.3,0.24205,-0.95153,-1.8028,-0.066561,-0.24322,-0.8663,-0.25492,-1.0001,-0.11227,0.15057,-0.44445,-0.44361,-0.025927,0.45397,-0.27004,-1.0642,-0.30238,-0.40253,-0.16587,-0.46872,-0.17293,-1.9194,-0.51592,0.49699,-1.6585,-0.035651,-0.11773,-0.075137,0.34552,1.4289,0.57919,-0.63227,0.6413,-0.28238
2.6253,-0.4551,1.7434,0.7488,1.5481,-0.62442,-0.61103,-0.89991,-0.22228,-1.2639,0.01845,0.036201,0.011126,0.23221,-1.0431,-0.42297,0.080728,-0.51411,-0.41853,0.29879,-0.85975,0.099367,-0.15209,0.030705,-0.36869,1.6736,0.047434,-0.18668,-0.90835,-0.025064,-0.34145,-0.065074,-1.0208,0.15746,-0.68818,0.85239,2.0944,-0.13202,-0.51765,-0.24154,-0.3002,-0.15827,-0.44028,-0.15016,-0.074638,0.74415,-0.98913,0.13865,0.43557,-0.45507,-0.11975,-2.2244,-0.068922,-0.40943,-0.18934,1.1958,0.21253,0.90808,-0.59109,1.0324,-0.62219
2.0199,0.3251,1.0094,0.2742,2.3992,-0.80845,-0.60902,-0.43775,-0.12115,-0.023207,0.46639,-0.52746,-0.024725,0.02509,-0.7138,-0.62738,-0.14764,-0.2662,-0.5349,0.61869,-0.50501,0.32094,-0.86835,-0.39215,-0.47841,0.90795,0.27635,0.30929,-0.72823,0.6667,-0.25616,-0.16767,-0.53375,-0.2106,-0.34829,-0.071917,0.19117,0.15441,-0.30048,-0.25552,0.31796,-0.29841,0.36438,-0.37446,-0.052259,0.044466,0.090638,-0.04946,0.045439,0.1122,0.35409,-0.633,-0.063087,-0.3002,-0.54144,0.17123,0.66382,0.39137,-1.0611,0.47814,-0.41333
1.4059,0.38616,0.5519,-0.023019,1.7964,-0.74701,-0.66501,-0.30784,-0.14888,-0.092149,0.4022,-0.86591,-0.25676,-0.18429,-0.72102,-0.46256,0.77425,-0.27546,-0.44511,-0.71656,-0.43259,0.043471,-0.97937,-0.51345,-0.51509,-0.27785,-0.45603,0.2808,-0.80532,-0.29244,-0.10299,0.084606,-1.1659,-0.24232,-0.26919,-0.093348,-0.28887,0.499,0.00082806,-0.525,0.14505,-0.409,-0.075772,-0.37837,-0.33826,-0.11347,0.73881,0.05803,-1.0668,0.065571,0.78197,0.072485,-0.10084,-0.077804,-0.065665,0.23483,0.58037,0.86806,0.0026797,-0.25738,0.57864
1.1173,0.053356,-0.29181,-0.39363,1.0303,-0.91707,-0.62105,-0.1761,0.018304,-0.43351,0.022906,-0.45846,-0.31826,-1.1063,-1.2894,0.83485,0.020387,-0.34345,-0.10543,0.055426,-0.047158,-0.068745,-0.4659,-0.48878,-0.23231,-1.19,-0.57026,0.97042,-0.71537,0.084055,0.20036,-0.27203,-0.64347,-0.39486,0.10106,-0.58707,-1.3973,-0.32997,0.25197,-0.35055,-0.21346,-0.53199,-0.13569,-0.0037081,-0.32151,0.11548,0.1197,0.02516,-0.39219,0.26338,-1.0127,0.51989,-0.065023,0.24263,0.35737,-1.0775,-0.23431,0.24557,-0.81829,-0.042991,0.00015843
0.70581,0.0016819,-0.2952,-0.016448,0.46818,-1.0616,-0.686,0.096044,-0.10332,-0.52128,-0.42218,-0.71644,0.22735,-1.1217,0.15028,0.65603,-0.016171,-0.21841,-1.0122,-1.1339,-0.36153,-0.45631,-1.7658,-0.42744,-0.35671,-1.4667,-0.5016,0.62313,-0.54225,-1.4277,-0.063861,-0.30243,-0.31061,-0.55181,0.11466,-0.32892,-1.0857,-0.54916,-0.19567,-0.57933,0.20015,-0.59974,-0.65551,-0.09409,-0.43231,-0.471,0.15465,-0.013821,-1.8284,0.3521,0.4696,0.84385,0.53166,-0.22714,-0.23004,0.55445,1.133,-0.42494,-0.042999,0.035127,-0.088762
0.21357,-0.053021,-0.3988,0.18616,-0.087873,-1.4575,-0.62183,-0.23583,-0.62276,-0.68927,-0.49704,-0.27454,8.731,-0.39124,1.8372,0.2179,0.073821,-0.18545,-0.69881,-2.7433,-0.28782,-0.54273,-2.4863,-0.76388,-0.32476,-1.7164,-0.29896,1.3689,-1.574,-2.7853,0.2575,-0.23246,-0.68251,-0.65863,-0.22502,-0.48558,-0.75725,-0.64231,-0.24236,-0.42286,0.33419,-0.5752,-1.6299,-0.26408,-0.97992,-0.05392,-0.15453,-0.057568,-3.7872,0.034317,1.6045,-0.25767,0.61513,-1.1653,-0.23034,1.2103,0.42183,-0.11741,-1.1361,-0.14074,-0.34138
-0.1443,-0.15455,-0.39749,0.20531,0.54177,-1.0381,-0.54907,-0.57631,-0.49798,-0.78377,-0.31195,-0.019668,10.82,-0.61623,1.5175,0.14068,-0.52781,-0.27222,-0.43064,-2.6973,-0.01649,-0.45281,-1.6841,-0.56474,-0.53862,-0.69738,-0.28482,1.2883,-1.801,-3.4477,-0.25402,-0.18764,-0.3561,-0.48607,-0.061413,-0.022072,-0.33233,-0.45929,-0.16418,-0.47002,0.0089821,-0.45361,-0.98296,-0.20829,-0.70817,-0.20077,-0.10191,-0.0098832,-2.9539,-0.25006,1.0141,-0.2499,0.64937,-0.81155,0.19431,4.2659,0.71408,-0.3741,0.17225,-0.328,-0.42074
0.062696,-0.28288,-0.37094,0.19704,0.88199,-0.468,-0.56026,-0.49788,-0.47526,-0.87905,-0.79917,-0.15195,6.0725,-0.62413,0.91138,-0.15502,-0.33839,-0.28798,-1.0346,-2.0466,0.024321,-0.68921,-1.8371,-0.46436,-0.33855,-0.70241,-0.59121,1.1917,-0.93059,-2.9487,-0.68771,-0.26744,-0.68394,-0.38863,0.048097,-0.25944,-0.50599,-0.21595,0.00021738,-0.5646,-0.036108,-0.39419,0.043083,-0.22835,-0.34484,-0.47868,0.5314,-0.056838,-2.4023,0.0010365,0.21804,-0.86938,0.15549,-0.7377,0.1552,5.7667,1.1734,-0.20202,0.62755,-0.51713,-0.34235
-0.21117,-0.0031495,-0.50292,-0.17318,0.37853,-0.39157,-0.70425,-0.31005,-0.51368,-0.75025,0.80726,-0.04474,2.8817,0.21221,0.19453,-0.15223,0.099084,-0.25796,0.23566,-1.9069,-0.14883,0.27162,-0.6541,-0.32067,-0.49142,0.1097,-0.44367,0.60476,-1.1597,-2.439,-1.185,-0.3098,-0.79226,-0.35982,-0.023965,-0.0053927,0.17465,-0.08002,-0.18677,-0.41621,0.33993,-0.37284,0.54899,-0.35167,-0.23001,0.39085,0.82083,-0.036281,-1.593,-0.17837,0.92025,-1.4632,0.29058,-0.68435,-0.19991,2.0026,0.4422,0.2742,0.50401,-0.19376,0.46972
-0.25906,0.40421,-0.57034,-0.052544,-0.55517,0.26361,-0.80811,-0.46234,-1.1208,-0.76098,1.8116,0.23245,1.635,4.4081,-0.25476,-0.21824,0.19041,-0.37699,-0.0058601,-1.4763,0.14101,1.5152,-0.57274,-0.77746,-0.28926,-1.5168,-1.5501,0.65282,-1.4278,-2.0566,-1.2794,-0.41173,-0.91525,0.0045123,-0.41323,-0.38133,-0.56657,0.1761,-0.19084,-0.74493,-0.032086,-0.60098,-0.38029,-0.58452,-0.07885,0.25082,0.33886,-0.14129,-0.89808,0.33687,-0.93558,-1.3764,0.10328,-1.444,1.4638,0.59744,-0.17901,-0.055652,1.2031,0.015258,-0.16837
-0.39499,0.87251,-0.36892,-0.39167,-0.8035,0.24697,-0.69554,-0.48917,-0.96787,-0.69314,1.495,-0.10252,1.0067,2.3451,-0.061493,-0.098129,-0.99198,-0.43034,-0.75167,0.088072,-0.013853,1.2687,-0.19207,-0.37139,0.66496,-0.030432,-0.35262,0.18353,-0.35498,-0.36368,-0.6629,-0.37569,-0.4779,-0.35594,0.49937,-0.47293,-0.53776,0.25417,-0.15537,-0.64537,-0.48795,-0.54933,0.99736,-0.41894,0.46991,1.5554,0.10002,0.53079,1.0693,0.047247,-1.146,-0.28546,-0.34803,-1.0353,0.27524,0.9741,-0.30118,-0.045581,-0.63503,-0.25864,-0.60386
-0.26273,0.9379,-0.31188,-0.59506,-1.3454,-0.37523,-0.36894,-0.26331,-0.89117,-0.69514,1.8114,-0.76875,0.15461,0.92747,-0.14844,0.085083,-1.4632,-0.26618,-0.91656,0.25039,-0.19931,1.5963,-0.16558,0.056167,1.8045,0.54425,0.23799,-0.0075266,0.85176,-0.42066,-0.37586,-0.41949,0.46092,-0.25869,1.492,-0.71442,-0.21194,-0.19846,0.14245,-0.42216,-0.78395,-0.37078,1.4253,0.14435,0.46425,2.7195,0.11969,0.79645,1.2354,-0.35359,-0.82355,0.21089,-0.35252,-0.741,0.20762,0.23376,-0.26268,-0.030704,-0.56254,-0.11846,-0.25478
-0.30501,-0.14151,-0.36923,-0.43785,-1.2087,-0.25008,-0.34866,-0.094316,-0.63574,-0.92692,0.47126,-0.22723,0.33179,0.60324,-0.58735,0.052803,-1.208,-0.20231,-0.35688,0.435,-0.13296,0.86015,-0.052677,0.4049,1.3267,0.42389,0.70779,-0.40144,0.38514,-0.61143,-0.0672,-0.30742,-0.48674,0.030672,0.9286,-0.44479,-0.062586,-0.33329,-0.058721,-0.10291,-0.030338,-0.34256,1.0255,0.10354,0.41336,1.4894,-0.22419,-0.11772,1.2211,0.2183,0.34604,-1.2515,-0.070293,-0.53397,0.13621,-0.0049915,0.61312,-0.22678,-0.57168,-0.1571,-0.64781
-0.44798,0.43252,-0.41903,-0.36497,-1.1505,-0.80528,-0.39018,-0.070532,-0.70327,-0.43689,0.9386,-0.16882,0.36786,0.27814,-0.30367,-0.25166,-1.0998,-0.22519,-0.25482,-0.08721,-0.19772,0.87859,-0.71522,0.29972,0.38349,-0.095456,0.24777,0.34426,0.13852,-0.80001,-0.25636,-0.24911,-0.9954,-0.083485,0.446,0.24792,-0.27575,-0.10453,-0.043463,-0.34418,0.3212,-0.39896,1.1039,0.022334,0.62509,0.86296,0.14912,0.049004,0.41904,-0.24937,-0.44139,-1.6585,0.09872,-0.6503,0.14063,-0.26975,0.62809,-0.41797,-0.52618,-0.088925,-0.70867
-0.74381,-0.075669,-0.76079,-0.66013,-0.89197,0.44998,-0.48817,-0.041342,-0.49573,-1.2384,0.52077,-0.52496,0.25367,0.041596,-0.53013,0.5151,-0.37178,-0.19246,-0.36844,-1.086,0.060831,0.43889,-2.0331,-0.68464,-0.60374,-2.425,-1.5335,0.94473,-0.73985,-0.96408,-0.34728,-0.33139,-0.94012,-0.14912,-0.25442,-0.51725,-1.7754,-0.09894,-0.27442,-0.45101,-0.27917,-0.70054,0.82681,0.040598,-0.15885,-0.51189,1.3772,-0.141,-1.6264,-0.69523,-2.3164,-2.0387,-0.080268,-0.39189,0.02389,-0.55539,-0.53613,0.60716,0.77533,0.22093,0.80796
-0.88997,1.8833,-0.7738,-0.8039,1.0711,4.4639,-0.80954,-0.74176,-0.89097,0.23965,2.369,-0.72622,-0.26762,-0.22459,-0.053016,1.9208,-0.89082,-0.14039,-0.013551,1.6084,-0.4695,1.4602,-1.62,0.49891,-0.46316,-1.6787,-0.18339,-0.66319,-0.63835,0.9409,0.016671,-0.28424,-1.3165,0.88365,-0.44729,-1.9675,-1.438,1.9591,-0.60283,0.081404,-2.1966,-0.63264,-0.52613,-0.21356,-0.12278,-0.64657,0.17088,0.096869,0.39897,-0.99051,-4.6239,-3.162,-0.50266,-1.1951,0.31097,-2.0723,-2.5826,0.41222,0.94794,2.4695,0.26296
-0.52736,1.8049,-0.93718,-0.50043,1.5895,3.3077,-0.70802,-0.7448,-0.73465,0.029489,2.1144,-0.37969,-0.36829,-0.28494,-0.32591,1.2759,-0.98005,-0.5683,-0.44773,0.17449,-0.55699,1.7633,-1.2691,0.16167,-0.83443,-0.21795,-0.24837,-0.13341,-0.51122,0.04784,-1.1163,-0.26412,-0.63659,-0.54398,-0.011142,-1.0868,-0.078009,2.0042,-0.43614,-0.25724,-0.52427,-0.54042,0.75779,-0.37303,-0.45616,-0.32212,0.4163,0.084115,0.046278,-0.7317,-0.94373,-1.7685,-0.17322,-0.84454,-0.41251,-1.6037,-0.68353,-0.0026298,-0.5912,1.1873,-0.33398
-0.47893,4.4366,-0.69321,-0.016363,1.276,2.3891,-0.88346,-0.71931,-0.37186,5.4332,2.6137,-1.2468,2.8659,-0.68111,0.65713,0.70827,-0.87728,-0.71376,-1.3584,0.82574,-0.72235,0.88476,-2.3079,0.46597,-0.48848,0.3427,0.56937,-0.18432,-0.73634,0.26544,-0.55356,-0.35713,-0.22054,-0.059282,0.46538,-1.0361,-0.30138,1.0469,-0.66475,-0.5412,-0.25313,-0.64637,0.30194,-0.5562,-0.68455,-1.621,1.6955,-0.011944,0.53463,-0.45979,-0.85169,-1.7242,-0.13243,-0.5557,-0.43623,-1.0781,-0.32972,0.72761,0.053699,0.52781,-0.52267
-0.10335,5.3158,-0.76634,0.011717,1.3882,1.8187,-0.77545,-0.63387,-0.3243,6.1554,4.7547,-0.84509,1.6944,-0.78455,0.71841,0.52269,-0.26763,-0.42109,-0.98613,0.81739,-0.49461,0.83573,-1.8,0.3844,-0.39567,0.90292,-0.60564,-0.1258,-0.89227,0.050625,-0.60808,-0.33798,-0.2155,0.20418,0.77136,-0.60697,-0.15511,1.8885,-0.44725,-0.37773,0.98821,-0.63892,0.34332,-0.42447,-0.39373,-0.59482,1.3403,-0.12414,0.39224,-0.64632,1.7131,-0.43013,-0.2575,0.14752,0.069322,-0.4305,-0.81838,0.93247,1.6908,0.61468,0.29416
-0.46603,3.6962,-0.78627,-0.45142,1.0043,1.3194,-0.73908,-0.0078477,-0.26602,3.358,3.2401,0.059111,0.34616,-0.6551,-0.11531,0.092496,0.30038,-0.38177,-0.30675,-0.55376,-0.32997,0.5304,-1.2017,0.025579,-0.4698,1.5124,-1.5023,0.46579,-0.86088,-0.25162,-0.97284,-0.16174,-0.42879,-0.43687,0.33069,-0.23211,0.56785,3.2555,-0.33174,-0.33894,1.3316,-0.61578,0.36722,-0.11409,-0.27927,0.55173,1.0922,-0.097091,-1.1426,-0.090145,2.7862,-0.06735,0.12038,0.1826,-0.097223,0.11018,-1.0552,0.27984,0.25701,0.20352,-0.038375
-0.32622,3.5477,-0.539,-0.46173,0.34154,1.0598,-0.67007,-0.32331,-0.376,3.6461,2.5513,-0.0084179,-0.19053,-0.69533,0.075663,0.067118,-0.13076,-0.29327,-0.4405,0.54294,-0.17036,0.26473,0.49433,-0.35235,-0.17974,0.70169,0.062521,0.62336,-0.58601,0.61117,-0.88446,-0.19609,-0.49603,-0.65102,0.20889,-0.075664,-0.17132,1.3466,-0.12016,-0.42931,1.0293,-0.41688,0.18843,-0.32461,-0.45854,1.0187,0.63009,-0.11224,0.19843,-0.10184,1.0167,-1.1121,-0.03307,-0.15552,-0.086962,1.4006,-0.0083823,-0.35061,-0.44494,0.051134,-0.6217
-0.48556,2.5276,-0.39739,-0.33605,0.51742,0.89636,-0.50512,-0.038008,-0.16893,2.4609,1.7148,0.018247,-0.52354,-0.56619,-0.50641,0.014137,0.15866,-0.41946,-0.54033,0.40405,0.30709,0.16846,0.61483,-0.39679,-0.498,-0.081582,-0.22256,0.51096,-0.76784,0.25327,-0.26595,-0.25305,-0.14981,0.86877,0.26136,-0.66402,-0.13163,0.71411,-0.39382,-0.39218,0.88232,-0.37486,0.70921,-0.32262,-0.42988,1.0111,1.2316,-0.20448,0.10065,-0.24441,1.035,-1.2169,-0.094855,-0.10024,-0.45235,0.69935,0.4305,-0.21432,-1.9021,-0.22083,-0.57506
-0.12103,1.6966,-0.57376,-0.13712,0.67388,0.71786,-0.56425,-0.11304,-0.068816,1.3322,1.1373,0.041213,0.030767,0.0057949,-0.42688,-0.074836,0.6944,-0.51025,-0.13422,0.31627,-0.041304,0.10894,-0.62154,-0.1826,-0.54007,-0.10412,-0.1152,0.03912,-0.51623,0.70072,-0.049256,-0.060722,-0.21061,1.0693,0.4184,-0.59704,-0.33511,0.40296,-0.34162,-0.2564,0.62508,-0.45066,0.63322,-0.19807,0.19745,0.81137,2.291,-0.035299,-0.38763,0.002723,1.6561,-0.99623,-0.028552,0.32052,-0.20432,-0.36026,0.1266,-0.38915,0.35175,-0.13639,-0.65281
0.095516,0.91913,-0.39799,-0.066997,0.042694,0.20741,-0.49867,-0.28858,-0.37006,0.23385,0.62367,0.23755,-0.0429,-0.28398,-0.87937,-0.064327,0.92968,-0.67148,-0.34321,0.29805,-0.012338,-0.063172,0.18862,-0.33669,-0.47584,0.023535,-0.40853,0.28737,-0.69116,0.95134,-0.80512,-0.12217,-0.394,0.34751,0.29274,0.085489,0.014007,1.3401,-0.33347,-0.35244,0.12755,-0.39849,1.638,-0.095136,-0.036174,0.91413,2.3236,0.034719,0.21363,0.35823,1.4097,-0.91718,-0.029418,0.21426,-0.12508,-0.38245,-0.52839,0.091624,1.2546,-0.55751,-0.18713
-0.052115,1.0314,-0.38813,-0.19449,-0.2176,-0.079054,-0.58165,-0.41579,-0.46699,0.68242,0.325,0.51458,0.4883,0.79699,-0.62047,-0.12551,0.21659,-0.64216,-1.4477,0.87717,0.39435,-0.20143,-0.13519,-0.29674,-0.482,0.077551,-0.069174,0.88518,-1.1683,1.1304,-0.40114,-0.29377,0.090632,-0.20524,0.29507,-0.15402,-0.23403,1.9547,0.049712,-0.60331,0.34617,-0.26104,1.2784,-0.040741,-0.12354,0.85482,1.0639,-0.12049,0.39339,0.034991,0.43598,-1.1005,-0.085771,-0.23272,0.32754,-0.45421,-0.053645,0.60516,-0.5056,-0.27244,-0.94398
0.1474,0.39398,-0.48905,0.25362,0.028306,0.1173,-0.61818,-0.1573,0.031548,-0.31369,0.0028429,0.46915,0.63436,1.868,-0.40645,-0.052431,0.56414,-0.47931,-0.67117,-0.34781,0.15404,-0.23963,-1.7936,-0.42382,-0.31207,-0.58053,-0.41762,-0.11445,-0.62742,-0.31552,-0.13683,-0.25855,-0.22172,-0.27475,0.05968,-0.093192,-0.44757,1.0554,-0.0099906,-0.41559,0.55721,-0.31777,-0.48262,-0.16399,0.088216,0.26057,2.2884,-0.181,-1.4179,0.0035744,1.5058,-0.77633,0.051014,0.46872,-0.014609,-0.024663,2.5956,-0.108,1.9979,-0.039504,-0.27125
-0.46553,0.46746,-0.56697,-0.12437,0.21627,0.12967,-0.58471,-0.16441,-0.48496,-0.66865,0.52669,0.21075,0.097237,0.65515,-0.44728,-0.25373,0.92624,-0.10262,-0.34054,-1.5954,-0.22265,0.04496,-1.3443,-0.38528,-0.75393,-0.54752,-0.4205,0.21562,-0.45192,-0.93979,-0.41039,-0.12665,-0.84413,-0.26489,-0.16323,-0.041535,-0.42438,0.76652,-0.15867,-0.53599,0.028318,-0.30735,0.049707,-0.22424,-0.28446,0.19574,1.9991,-0.0352,-1.9752,0.35474,1.2013,0.29948,0.18906,-0.33664,-0.48584,-0.87724,1.0009,-0.4719,1.7339,0.27052,1.3877
-0.72895,0.71563,-0.14217,-0.4368,2.737,1.6917,-0.62224,-0.42206,-0.74509,0.54772,-0.076565,0.1002,-0.046011,-0.0014204,-0.73817,-0.26309,-0.28935,-0.16606,-1.2632,0.95597,0.10058,-0.30057,0.25544,-0.071661,0.51694,1.0436,0.60613,-0.12084,-0.6788,0.55484,1.2413,-0.099477,-0.8275,-0.73288,0.41994,-0.6724,-0.55405,-0.041944,0.28745,-0.81097,-0.59065,-0.17806,0.048315,-0.23545,-0.295,1.6277,-0.46474,-0.0054078,1.2977,0.042486,-0.59694,-1.7824,-0.057955,-0.82492,0.14613,-1.1738,-0.77047,-0.46449,-0.40838,0.5086,-0.12156
-0.56129,0.091119,-1.3631,-0.34097,2.7383,1.6358,-0.60199,-0.25161,-0.025066,-0.19788,-0.44332,-0.075378,0.5157,-0.28265,-0.61256,-0.42256,0.26426,-0.45133,-0.25766,0.4904,0.17115,-0.38091,-0.03902,-0.40556,-0.010056,-0.098642,-0.33654,0.50772,-0.35542,0.64284,1.0625,-0.16862,-0.72323,0.41128,0.41502,-0.48105,-0.23442,0.39647,0.0088821,-0.35311,0.45632,-0.29862,0.15522,-0.0027567,-0.0065077,1.0667,0.61322,-0.072408,0.59747,-0.055009,0.83421,-1.3354,-0.089211,0.030947,-0.18672,0.05153,1.0737,-0.084726,-1.1362,-0.074036,-0.6703
-0.80436,0.35077,0.54411,-0.43403,3.1743,0.99837,-0.59052,-0.43412,-0.34233,0.095853,-0.39061,0.0078583,0.24673,-0.22457,-0.43722,-0.52759,0.30803,-0.37306,0.74987,0.10157,-0.24563,-0.42976,-0.80663,-0.29859,-0.28304,-0.039292,0.12222,0.4672,-0.28797,-0.19497,0.9484,0.077087,-0.5511,1.4124,0.16722,-0.17828,-0.18357,0.6479,-0.42452,-0.10877,1.1582,-0.2955,0.56587,-0.073356,0.11935,1.0661,1.3518,-0.045635,0.18003,0.0054179,1.9576,-0.43373,-0.14418,0.069885,-0.35457,0.66712,-0.29809,-0.17577,-1.2513,-0.13949,-0.81183
-0.95164,0.63325,2.9483,-0.6133,3.6514,0.90818,-0.81232,-0.34478,-0.40662,0.63842,-0.065129,-0.17769,-0.23206,-0.1841,-0.24363,-0.54006,0.61563,-0.55006,0.21572,0.11631,-0.49601,-0.39559,-0.92434,-0.59553,-0.68752,0.22145,0.35144,0.95715,-0.34537,0.38752,0.45298,0.193,-0.39967,-0.080671,0.044069,-0.65097,-0.12501,0.25023,-0.44247,-0.43683,1.9015,-0.43043,-0.367,-0.43759,0.039006,0.46523,2.449,-0.051601,0.12761,-0.18828,2.6377,-0.56377,0.0043698,0.52514,-0.3838,0.16917,1.2016,-0.35019,0.89464,-0.58068,-0.20772
-0.71523,0.10093,1.1513,-0.48795,2.6147,1.026,-0.73819,-0.41705,-0.26642,-0.06698,-0.36343,-0.34169,-0.31884,-0.6328,-0.50655,-0.35388,1.1075,-0.55224,-0.053979,0.1088,-0.26431,-0.51856,-1.5969,-0.72684,-0.76467,-0.42018,-0.52113,0.9346,-0.35777,0.31657,0.091404,0.076516,-0.67928,0.98103,-0.191,-0.39821,-0.053565,0.84189,-0.47151,-0.51401,1.8541,-0.072066,-0.51912,-0.16311,-0.12912,-0.13524,2.3679,-0.023482,-0.80461,-0.29559,3.0115,-1.1498,-0.17108,0.1581,-0.33283,-0.037952,1.4067,0.24959,2.4241,-0.07898,0.57577
-0.32367,0.044172,1.1233,-0.18859,2.1687,0.99136,-0.72282,-0.29645,-0.10872,0.81642,-0.20663,-0.2251,0.27287,-0.19018,-0.31065,-0.37574,0.57535,-0.53979,-0.40583,0.60634,-0.10307,-0.48374,-0.75684,-0.3645,-0.35329,-0.11071,0.088893,0.18724,-0.21697,1.5191,-0.0030367,0.043314,-0.47255,0.30951,-0.20039,0.056434,-0.4241,2.8022,-0.38832,-0.55212,1.4765,-0.21958,-0.27759,0.056794,-0.14772,0.31069,1.1612,-0.040985,0.38295,-0.18925,2.6981,-0.96606,-0.1762,0.51378,0.053741,-0.52669,0.46056,0.30261,0.95416,0.093607,-0.40222
-0.060932,-0.36816,0.88408,-0.086114,1.0113,0.36891,-0.0082717,-0.40509,-0.31543,0.11987,0.0064244,0.074376,0.0031186,-0.065359,-0.71582,-0.6279,0.91457,-0.4898,0.025895,-0.2687,0.033234,-0.30706,-0.089967,-0.15511,-0.54653,-0.57932,-0.044541,0.36684,-0.36071,0.53851,0.37398,0.028153,-0.70916,0.77433,-0.22916,0.46061,-0.50439,1.5307,-0.60548,-0.071778,1.1994,-0.37236,0.50138,0.55693,0.1677,1.2307,1.7601,-0.010188,-0.021589,-0.078712,3.4337,-1.3662,-0.11242,-0.081246,-0.036932,-0.43426,-0.218,-0.18984,2.1576,-0.27764,-0.050095
-0.42797,0.27538,0.6886,-0.42689,0.74074,0.25119,0.30626,-0.30352,-0.46952,1.1445,0.68203,-0.015957,-0.062233,0.15612,-0.21512,-0.86352,0.39194,-0.51769,-0.35238,0.58088,-0.091165,-0.43401,-0.32319,-0.11899,-0.67259,-0.99201,-0.25413,-0.18395,0.11539,1.0825,0.26585,0.37021,-0.75391,0.6125,-0.44667,0.40175,-0.50515,1.1018,-0.29412,-0.30411,1.2834,-0.57168,0.42489,0.67788,0.083818,0.6529,2.3218,0.0081808,0.23534,-0.08549,2.9947,-2.343,-0.079804,0.86617,0.34339,-0.2525,1.1545,-0.26083,1.8737,-0.54065,0.0019831
-0.43268,0.75506,0.32371,-0.72229,0.44762,0.24412,0.17096,-0.44681,-0.21099,1.6251,1.3063,-0.49597,-0.083109,0.21015,-0.34235,-0.81929,0.070112,-0.56387,-0.65627,1.3809,-0.057568,-0.049627,0.094832,0.018769,-0.50881,-0.086449,0.32091,-0.12674,-0.047072,2.1846,0.89282,0.50418,-0.39479,-0.25438,-0.38635,0.020433,-0.13531,0.20976,-0.28356,-0.15634,0.57012,-0.60357,0.81207,0.2604,-0.34571,0.92955,1.4544,-0.091338,1.3866,-0.006071,1.4984,-1.3288,-0.28802,1.171,0.11739,-1.177,1.2506,-0.32949,-0.14371,0.85899,-0.90087
-0.30945,0.28864,-0.015738,-0.477,0.32743,0.19832,0.071483,-0.19693,-0.24156,0.8578,0.79787,-0.90034,-0.045018,0.75468,-0.56938,-0.59896,0.080821,-0.37439,-0.87362,1.2198,-0.063911,-0.076585,-0.97163,-0.11604,0.034526,-0.43074,0.21316,-0.33649,0.028873,1.3661,1.0878,0.2475,-0.46799,-0.34441,-0.13718,-0.22436,-0.58817,0.10717,-0.22971,-0.13647,0.60783,-0.48965,-0.2791,0.38448,-0.077343,0.61626,1.2554,-0.15857,-0.35803,-0.31315,0.84009,-1.4539,-0.17295,0.34055,0.016584,-0.5212,1.8662,0.12156,-0.54724,0.48399,-0.51683
-0.52998,0.35959,-0.5095,-0.54374,0.28153,-0.069642,-0.18973,-0.0040099,-0.37933,0.52265,0.73917,-0.42179,-0.025412,0.57801,-0.22555,-0.6869,0.76017,-0.26863,-0.73459,-0.17271,-0.15872,-0.24991,-0.53358,-0.33636,-0.50682,-0.98665,-0.65426,0.07053,0.20962,1.0351,0.64135,0.25797,-0.60696,-0.16858,-0.81401,-0.03906,-0.58412,0.49468,-0.22797,-0.55054,0.41977,-0.52292,-0.1189,0.24508,0.10919,0.44278,1.7645,-0.064528,-0.93061,0.06216,0.91021,-0.43917,0.10476,0.56363,-0.0385,-0.14883,2.1779,-0.25465,1.6055,0.0091233,0.12289
-0.13385,-0.46681,-0.0042075,-0.31808,-0.39656,-0.30987,0.27365,-0.50237,-0.25054,-0.39185,0.2477,-0.1225,-0.66554,-0.42206,-0.83264,-0.51994,0.14347,-0.26794,-0.69249,0.1634,-0.18665,-0.30301,-1.0531,-0.30655,0.129,-0.40638,-0.047038,-0.26272,0.47203,0.30869,0.21743,0.46955,-0.75064,0.048761,-0.81363,0.44091,0.22079,-0.072147,-0.16989,-0.13991,0.059843,-0.38978,0.11746,0.17425,-0.037558,1.3518,0.27049,-0.0281,-0.26804,0.14433,0.7047,-1.3602,-0.25251,0.40518,0.2012,-0.14901,0.4806,-0.26893,-0.13411,0.032276,-0.15882
-0.18292,-1.024,-0.28236,-0.24819,-0.15527,-0.25859,0.22755,-0.41346,-0.040442,-0.81949,-0.28265,-0.19588,0.77661,0.89399,-1.006,-0.48529,0.060279,-0.50337,-0.65982,-0.83402,-0.12133,-0.74131,-2.2195,-0.34769,0.099305,-0.85368,-0.60432,-0.037315,-0.39253,-1.6742,0.54544,0.48313,-0.36006,0.17256,-0.70942,0.18849,0.33082,-0.24818,-0.47926,-0.21541,0.35908,-0.38857,-0.98538,0.35533,0.23945,-0.10222,0.8349,-0.078998,-1.4643,-0.31924,1.8771,-1.2673,-0.097918,0.50627,-0.12474,0.076547,0.58924,-0.26842,0.73579,-0.56268,-0.34497
-0.27342,-0.57985,-0.52802,-0.40618,-0.21016,-0.54965,0.061779,-0.43263,-0.33517,-0.34058,-0.47885,-0.24412,1.3246,1.6175,-0.78944,-0.50583,0.5212,-0.41098,-0.76082,-0.27517,-0.1951,-0.73618,-0.51209,-0.69751,-0.12595,-1.5229,-1.2088,1.4888,-0.44376,-0.19664,0.70243,0.30394,-0.59723,0.40613,-0.36584,-0.14387,-0.4971,-0.22644,-0.30365,-0.5972,0.013113,-0.39458,-0.36142,0.29965,0.19587,0.14504,1.124,-0.10839,-0.19985,-0.08765,1.5178,-0.28169,-0.15219,0.28522,-0.018939,0.35665,-0.50122,-0.19086,0.55664,-0.014509,-0.13755
-0.58048,-0.63481,-0.39981,-0.36037,0.011703,-0.057321,0.13394,-0.13994,-0.40507,-0.61616,-0.4019,-0.007263,0.18641,0.043845,-0.90061,0.17682,0.3259,-0.26353,-0.53458,0.84561,-0.025307,-0.55423,1.3548,-0.58908,0.056199,-0.034565,-0.55121,0.65458,0.16376,2.7758,0.46984,0.084758,-0.49828,0.94859,-0.27141,0.12526,0.60709,-0.01162,-0.47166,-0.69238,0.21579,-0.23211,0.063358,0.24992,0.06989,0.83839,-0.65985,-0.10351,1.3613,0.28455,0.26388,-0.047563,-0.14691,-0.21148,-0.70747,-0.42418,-0.17136,-0.049685,0.95862,1.1447,-0.26369
-0.16095,-0.3721,-0.43264,-0.31987,0.26776,-0.24255,-0.21499,-0.45792,-0.20704,-0.52593,-0.4396,-0.40407,0.39771,0.3786,-0.92117,-0.29752,0.9425,-0.42699,-1.1675,-0.25412,-0.21759,-0.80303,1.7331,-0.083463,-0.22188,0.62581,-0.84249,1.4213,-0.39148,3.0659,0.37464,-0.027139,-0.37965,0.15455,-0.87974,-0.57583,1.4735,-0.43451,-0.18153,-0.63611,0.042994,-0.27788,-0.42125,0.66841,-0.0097291,-0.12535,0.25311,0.037639,0.80418,0.27865,2.3213,0.65006,0.098865,0.083916,-0.035434,-0.64116,1.3517,0.32639,1.3994,0.45047,0.19869
-0.2545,-0.41036,-0.5898,-0.3865,1.5806,1.0626,-0.26771,-0.87597,-0.30513,-0.34336,-0.4059,-0.29943,-0.20509,0.21374,-1.0291,-0.24698,0.076604,-0.30958,-0.94215,-0.22618,-0.012739,-0.71222,0.69415,-0.80943,-0.47103,0.078752,-0.2776,3.8107,-0.40109,3.5213,0.88235,0.029535,-0.61978,-0.92109,-0.89101,-0.76266,0.40828,-0.52162,-0.024889,-0.5965,-0.40847,-0.39909,-0.84218,0.30569,-0.91425,0.57834,0.23751,0.016258,0.72451,-0.016407,-0.24271,0.075631,-0.18151,-0.067604,0.055991,0.10782,-0.042777,0.52487,-1.0032,-0.037485,0.10149
-0.35349,-0.25538,-0.64521,-0.38331,1.3695,1.333,-0.21411,-0.67525,-0.41621,-0.022897,-0.47932,-0.12339,-0.33301,-0.20224,-0.65689,-0.21188,-1.0498,-0.34337,-0.90346,0.59103,-0.013231,-0.40517,0.43914,-0.29963,-0.079957,0.045487,0.50784,2.2404,-0.048822,2.6342,1.3081,-0.061793,-0.23007,-0.83617,-0.52516,-0.20887,-0.24801,-0.18118,0.050317,-0.38508,-0.53808,-0.40271,-0.39621,0.11979,-0.46331,1.697,-0.69986,-0.029368,3.0342,0.23895,-1.7733,0.50179,-0.10477,-0.28534,-0.080928,0.65914,-0.79246,-0.29314,-1.1843,-0.026377,-0.82778
-0.81468,-0.31822,-0.74233,-0.47761,0.83118,0.86108,-0.21645,-0.3253,-0.22625,0.069634,-0.47319,0.01388,-0.41042,-0.3518,-0.19489,-0.40256,-0.33745,-0.18707,-0.33196,-0.43708,-0.10679,-0.37392,-0.83761,-0.75582,-0.18736,-0.78531,-0.15252,1.5328,0.072041,1.0761,0.67218,0.052816,-0.11103,-0.86426,-0.30549,-0.82784,-0.45044,-0.64664,-0.16446,-0.29852,-0.72053,-0.37818,0.026857,0.098247,-0.060847,0.97052,-0.25431,-0.23913,0.6401,0.15454,-1.3719,0.56082,-0.21888,-0.19398,-0.082404,-0.33607,-0.51839,-0.40346,-1.582,-0.3776,-0.29305
-0.49565,0.64245,-0.46033,-0.37217,0.56894,0.66835,-0.58038,-0.70816,-0.34342,-0.19151,1.06,0.27734,-0.83552,-1.0729,-0.03857,-0.32015,-0.3546,-0.019341,-0.80762,0.55125,0.45286,0.9512,0.51462,-0.16853,-0.32038,-0.25309,0.21909,1.4976,0.29532,1.2826,0.89394,-0.21701,-0.81982,-0.15695,-0.34458,-0.25106,-0.24642,-0.54179,-0.089504,-0.59368,-0.7106,-0.39759,-0.1385,-0.26996,-0.47475,0.17239,-0.49439,-0.024026,1.5304,0.84555,-1.6199,-0.68246,-0.040493,-0.21888,-0.090676,-0.25879,-0.86749,-0.57835,-0.094434,0.45811,-0.15938
-0.36164,1.0082,-0.5137,-0.43872,0.038085,0.25346,-0.76939,-0.86471,-0.58361,-0.69515,2.6134,0.45008,-0.4954,-0.84571,-0.44279,-0.40568,-0.463,0.17903,0.84471,-0.15848,0.54111,1.966,0.055231,-0.26158,-0.29603,-1.2435,-0.60064,1.6144,-0.16007,-0.20315,0.5791,-0.25248,-0.80753,0.36432,0.0080848,0.13377,-0.51386,-0.13755,-0.30408,-0.68059,-0.92217,-0.53086,0.36863,-0.6429,-0.34738,-0.38958,0.23363,-0.063632,0.66885,0.85437,-1.9924,-0.54764,-0.13568,-0.52411,-0.52756,0.2955,-1.197,-0.29641,1.2063,1.104,0.049384
-0.35344,-0.25401,-0.7957,-0.36884,0.69213,0.2987,-0.67875,-0.79277,-0.19882,-1.0588,0.66386,0.54875,-0.46209,-0.46255,-0.85755,-0.37866,0.38714,-0.24125,2.3738,-0.90288,-0.030246,0.58212,-0.56864,-0.55283,-0.1663,-0.68702,-0.72476,1.7906,-0.71093,-0.39549,0.024741,0.021826,-0.84324,-0.024404,0.0099993,0.32534,-0.16128,-0.19552,-0.56036,-0.46924,0.189,-0.49629,0.2451,-0.38984,-0.077253,0.090811,0.70549,0.30518,-0.97563,0.12071,0.18281,-1.0062,-0.25744,-0.17228,-0.811,0.32541,0.11961,0.069887,0.917,1.0145,0.11641
-0.3603,0.00043581,-0.62047,-0.32309,0.23878,0.15139,-0.57239,-0.19664,-0.379,-0.83232,0.8033,0.43225,-0.43075,-0.79248,-0.64867,-0.33081,0.22923,-0.27547,1.6407,-0.42652,0.075929,0.7778,1.6436,0.064946,-0.050091,0.50014,0.21146,2.2368,-0.36337,0.50203,0.50823,-0.20314,-0.064602,-0.52377,0.35965,0.45823,0.41105,0.072657,-0.061821,-0.46557,0.043089,-0.38473,0.97994,-0.31394,0.58739,0.33186,-0.6067,0.22309,0.85717,0.24527,0.2526,0.6513,-0.17058,-0.36213,-0.29863,-0.50813,1.1336,-0.2585,-0.78006,0.4291,-0.43253
-0.26388,-0.11535,-0.48363,-0.34015,-0.1576,-0.15064,-0.55238,-0.67112,-0.40263,-0.86235,0.43869,0.65548,-0.89427,-0.9889,-0.69379,-0.5269,-0.27094,-0.33871,1.5151,-0.88385,-0.16617,0.41972,0.73209,-0.14384,-0.26349,0.69919,0.49575,1.4837,-0.33656,-0.44494,0.39488,-0.14607,-0.38112,-0.63721,0.081714,-0.26766,2.864,-0.011097,-0.18152,-0.46602,-0.52157,-0.46018,0.93928,-0.2563,0.59003,0.91438,-0.58474,-0.070104,0.0074728,0.47039,1.6636,0.12042,-0.19463,-0.28469,-0.42928,-0.43602,1.0719,-0.42349,-1.0537,-0.28933,-0.24585
-0.35814,0.0082506,-0.55571,-0.42197,-0.1908,-0.28277,-0.60364,-0.74269,-0.25143,-0.59171,0.49637,0.56068,-0.73709,-0.64261,-0.51348,-0.47583,-0.61472,-0.32518,0.52723,-1.2706,-0.24139,0.33952,-1.0489,0.22906,-0.3296,0.10819,0.31998,0.83838,-0.79706,-1.3191,0.40872,-0.24936,-0.76661,-0.58707,-0.26043,-0.38804,2.2992,-0.31902,-0.3477,-0.66051,-0.0099727,-0.46825,0.59835,-0.26816,0.23474,0.54604,-0.10672,-0.13714,-1.3117,0.15077,2.3061,-1.3305,0.037896,-0.081585,-0.38131,-0.70129,0.98591,-0.45553,-0.74364,-0.19876,-0.5159
-0.56229,0.44869,-0.57298,-0.39726,-0.21036,-0.2535,-0.53529,-0.50881,-0.15751,-0.12068,0.69108,0.73573,-0.048397,-0.68761,-0.3399,-0.4943,-0.60382,-0.44646,0.86486,-0.96772,-0.24989,0.42149,-0.96769,0.31824,-0.71801,0.49049,0.50122,0.013332,-0.53875,-1.2516,0.39322,-0.2585,-0.55415,-0.11649,-0.20489,-0.18906,1.6459,0.0018536,-0.36686,-0.52347,0.10053,-0.45601,0.91114,-0.30046,0.24926,0.9303,-0.18338,-0.12301,-1.104,-0.40386,1.5682,-0.9555,0.097735,0.13884,-0.45198,-0.80571,1.0033,-0.67111,-0.1735,-0.1222,-0.55348
-0.087647,0.19767,-0.78868,-0.38564,-0.33655,-0.48414,-0.51008,-0.64009,-0.31236,-0.46554,0.3852,0.63975,0.086517,-0.69383,-0.5133,-0.53472,-0.38137,-0.34419,0.98569,-0.6263,-0.23302,0.22732,-0.63566,0.21395,-0.6123,-0.28697,-0.025317,0.85582,-0.24692,-0.60135,0.62568,-0.15299,-0.61543,-0.057962,-0.18984,0.4442,0.75187,-0.10458,-0.12254,-0.48858,0.32022,-0.35582,0.35891,0.023375,0.1477,1.5646,-0.10674,-0.02518,-0.94578,-0.26661,0.46699,-0.33666,-0.23299,-0.21888,-0.34505,-0.47522,0.39245,-0.36865,0.17202,0.45688,-0.2854
-0.13107,-0.11231,-0.64666,-0.33997,-0.3798,-0.34165,-0.46198,-0.33968,-0.18886,-0.6653,0.089352,0.059677,0.056951,-0.31042,-0.56578,-0.36206,-0.37412,-0.33376,0.6769,-0.46467,-0.29011,0.13109,-0.55142,-0.056971,-0.28799,0.0194,0.24484,0.86884,-0.58292,-0.53123,0.25485,-0.067514,0.11528,-0.29185,-0.056323,0.076719,0.77604,-0.14609,-0.35613,-0.14777,-0.0078288,-0.31614,1.0276,0.16265,0.26058,1.0576,0.14116,-0.10046,-0.47041,-0.1837,0.57032,0.83604,-0.069054,-0.026665,-0.28025,-0.97058,0.529,-0.44795,-0.3491,0.53553,-0.35762
-0.17231,-0.085415,-0.74117,-0.24067,-0.30385,-0.68902,-0.60746,-0.21744,0.062975,-0.46988,0.091727,0.045806,-0.17357,-0.55039,-0.50183,-0.48068,-0.1936,-0.32395,0.4279,-1.0375,-0.21638,0.046822,-1.5434,-0.069192,-0.6341,-0.26244,0.047595,0.69856,-0.42523,-1.3368,0.13013,-0.032526,0.10004,-0.43457,-0.18697,-0.29134,0.15772,0.092884,-0.38484,-0.28077,0.18076,-0.31994,0.88478,-0.168,0.028244,0.23856,0.75283,-0.14434,-1.163,0.010052,1.4397,1.003,-0.036363,0.26681,-0.20974,-1.0062,0.47703,-0.38425,-0.23515,-0.31138,0.095255
0.078783,-0.16041,-0.85754,-0.30438,-0.23757,-0.22168,-0.60417,-0.34403,-0.28367,-0.52297,-0.1425,0.079379,0.088615,0.044261,-0.41485,0.062568,0.13698,-0.38815,0.08983,-0.35169,-0.32339,-0.085837,-1.702,-0.22859,-0.49192,0.16152,-0.25087,1.4647,-0.57795,-0.26802,-0.089635,-0.29732,-0.65044,0.15282,-0.23703,0.12685,0.15908,-0.2401,-0.38296,-0.41444,0.17552,-0.19172,0.25042,0.12222,-0.24591,0.77665,0.62623,-0.046451,-1.3871,-0.26016,0.59872,-0.14148,-0.13677,-0.073975,-0.11678,0.22724,0.70772,-0.12364,0.79865,-0.037631,-0.072563
0.087662,-0.40496,-0.79808,-0.31174,-0.28656,0.41633,-0.65912,-0.67885,-0.31854,-0.49673,-0.4062,0.13394,0.29073,0.84819,-0.35378,0.20599,-0.12522,-0.60071,-0.34697,0.66199,-0.4999,-0.23459,-1.6524,-0.065769,-0.22065,0.13215,0.063486,1.3583,-0.97732,0.2113,0.19361,-0.243,-0.053501,-0.037445,-0.19464,-0.12975,-0.11932,-0.36142,-0.36036,-0.43862,0.21443,0.034165,-0.0049975,-0.033122,-0.13376,0.84004,0.40433,-0.010903,-0.54221,-0.46699,0.40766,-0.23392,-0.11736,-0.048558,-0.078283,0.13321,0.68384,0.093001,0.54929,0.00092513,-0.58059
-0.031191,-0.34624,-0.72315,-0.17999,-0.089809,0.0613,-0.71005,-0.1672,0.029638,-0.39261,-0.4389,-0.10646,0.77228,0.47253,-0.41604,0.044891,-0.30757,-0.37916,-0.24549,-0.12961,-0.22035,-0.37783,-1.6365,0.14109,-0.35052,-0.13155,0.051945,1.087,-0.38237,-0.093533,0.050286,-0.20761,-0.39777,-0.61406,-0.21406,-0.65447,-0.098469,-0.16238,-0.26573,-0.35976,0.91711,-0.12745,-0.42037,-0.05258,-0.18152,-0.027395,0.70624,-0.13759,-0.90217,-0.3585,1.8864,0.19382,-0.16635,0.27956,-0.094618,-0.75581,1.3512,0.16468,-0.58551,-0.1404,-0.19222
-0.082271,-0.35185,-0.59319,-0.21587,0.11986,-0.33419,-0.57199,-0.35511,-0.064417,-0.40627,-0.53782,0.068003,0.84993,0.3109,-0.37209,-0.32665,0.059095,-0.37326,-0.17914,0.017127,-0.46875,-0.32857,-0.97116,-0.12399,-0.44417,0.50733,-0.14581,0.68523,-0.14563,0.070147,-0.11254,-0.12237,-0.34537,-0.4403,-0.19872,-0.11863,-0.092155,-0.50844,-0.48824,-0.37358,0.29713,-0.13052,0.42264,0.01776,-0.17891,0.6195,0.61005,-0.054025,-0.22873,0.23917,1.0081,0.40405,-0.18455,0.033112,-0.3377,-0.5428,0.073664,0.029511,-0.55541,-0.26023,0.096732
-0.27374,-0.22936,0.15486,-0.23894,-0.26034,-0.22732,-0.70581,0.62224,-0.41366,-0.30381,-0.45653,-0.27128,0.74862,0.6207,-0.42415,0.38456,0.013959,-0.32378,-0.80149,0.15828,-0.47448,-0.35392,-2.9738,-0.67668,-0.40495,-0.3779,-0.52645,1.0011,-0.57105,1.7461,0.26531,-0.15787,-0.50852,-0.060664,-0.74072,-0.78897,-0.43878,0.62212,-0.38998,-0.71576,0.74101,0.080867,-0.80212,-0.041083,-0.47738,-0.41291,0.50727,-0.062069,-1.628,-0.051485,1.8597,-0.16274,-0.12904,-0.46279,0.11697,-0.37654,0.3672,0.63003,0.20219,0.47284,-0.29003
-0.76333,-0.41202,0.47638,-0.35008,-0.24619,1.2074,-0.70888,2.3682,-0.14378,-0.36273,-0.70964,-0.35688,0.47311,0.56344,-0.59241,1.416,-0.58635,-0.38155,0.22599,-0.72713,-0.27244,-0.52685,-3.5255,-0.69269,-0.64421,-0.3696,-0.37809,0.28169,-0.55218,1.1844,0.59305,-0.31467,-0.33228,-0.62959,-0.42749,-1.0868,-0.048559,1.284,-0.64618,-0.23551,1.9975,0.084147,-0.60828,-0.09745,-0.17389,-1.223,1.1362,-0.017416,-2.2034,-0.15425,4.1396,0.33128,-0.22566,0.15099,-0.38574,-0.25971,0.3064,0.19856,0.27127,0.15048,-0.19018
-0.60205,0.32245,0.62549,-0.33435,-0.16891,0.073148,-0.62144,0.81266,-0.30817,0.32943,-0.11707,-0.27321,0.0043138,0.4389,-0.48834,0.303,0.82201,-0.32251,0.32533,-1.236,-0.76952,-0.31077,-1.6777,0.67521,-0.94799,-1.6299,-1.4014,0.66806,-0.96803,0.5903,0.26512,-0.26859,-0.9443,0.39259,-0.74107,-0.2486,-0.75228,-0.4653,-0.88872,0.020179,1.6464,-0.069233,-0.48833,0.47424,-0.40933,0.091238,2.0279,0.26731,-2.3635,0.036398,1.4008,-0.046312,0.10771,-0.20297,-0.45704,-0.29263,2.0661,-0.38846,3.0227,-0.73369,1.8029
-0.21627,-0.086579,0.41654,-0.2048,-0.28196,-0.16643,-0.58733,0.36792,-0.33714,0.24084,-0.42189,-0.51181,0.12289,0.043107,-0.73902,0.15583,1.1994,-0.30921,-0.37589,-0.49059,-0.86603,-0.52511,-1.2263,0.75593,-0.84638,-1.3233,-0.71576,0.86023,-0.46716,1.2734,0.47641,-0.32096,-0.92802,0.29224,-0.68991,-0.046035,-0.78966,-0.24185,-0.58312,-0.1036,1.5131,-0.11888,-0.79046,0.62432,-0.49465,-0.23222,2.0398,0.041334,-1.869,-0.087221,0.91147,-0.4633,-0.09865,-0.11588,-0.054453,-1.1133,2.9291,-0.21968,3.0831,-0.46175,1.2481
-0.24171,-0.047565,0.12782,-0.39959,-0.088941,-0.15399,-0.67864,0.29648,-0.15148,0.46331,-0.61034,-0.093762,0.084753,-0.19234,-0.32294,0.097865,-0.037345,-0.39255,0.25607,0.22258,-0.60321,-0.41748,-1.7578,-0.064861,-0.41442,0.12119,0.4599,1.0738,-0.20308,2.8414,1.0886,-0.19981,-0.38324,-0.1883,-0.1526,-0.40282,-0.88824,0.029516,-0.50695,0.097023,0.3949,-0.018542,-0.33644,0.43416,-0.61643,0.3926,0.81301,-0.074598,-2.0194,-0.1002,0.01905,-0.26133,-0.10162,0.16598,-0.6014,-0.75884,1.748,-0.15259,0.60878,-0.21951,0.042967
-0.20018,-0.38773,-0.012044,-0.45949,-0.58812,0.27256,-0.54725,-0.049489,-0.36383,-0.1144,-0.66458,0.5196,-0.020719,0.72093,-0.65782,0.12676,-0.075046,-0.36101,-0.27962,-0.12203,-0.25492,-0.62971,-1.1868,-0.72733,-0.68695,0.030117,-0.027691,0.74973,-0.49499,2.3441,0.55881,-0.041728,-0.71474,-0.39808,-0.49892,-0.77795,-0.28095,0.37287,-0.3665,-0.079361,0.21831,-0.15236,0.21407,0.43074,-0.11592,0.27018,0.47513,-0.031036,-0.78525,0.0098163,0.97625,-1.3015,0.1203,-0.22858,0.23415,-1.0742,0.78397,-0.43391,0.30655,0.10251,-0.25246
-0.36646,-0.32378,-0.17118,-0.47429,-0.1446,0.95016,-0.66606,-0.5896,-0.31861,-0.8934,0.53652,0.56143,0.44126,0.68503,-0.26765,-0.15998,0.43821,-0.34057,-0.54468,-0.016352,-0.59707,0.49312,-2.248,-0.16227,-0.26308,-0.27292,-0.23322,-0.5296,-0.21526,0.31801,-0.40772,-0.23314,-1.077,0.58252,-0.68189,-0.31836,-0.75657,-0.41934,-0.39379,-0.27382,0.57087,-0.34006,-0.80823,-0.24033,-0.192,-1.4177,1.7612,-0.078321,-0.95473,-0.06228,1.3146,-2.1062,0.097873,-0.16307,0.011729,0.27767,0.19373,0.15313,1.5114,0.13105,0.75859
-0.40003,-0.80359,-0.046188,-0.61169,-0.66492,0.15787,-0.71511,-0.48384,-0.2636,-1.8136,0.89426,0.38241,0.1668,1.1575,-0.80296,-0.098046,-0.037621,-0.44903,-0.39318,-1.1265,-0.77848,1.4986,-2.7097,0.49859,-0.52139,-0.32412,-0.35393,-0.93492,-0.75131,-1.9441,-0.97655,-0.13589,-1.1718,0.73204,-0.75667,0.46032,-0.054514,-0.14567,-0.73723,-0.22157,-0.17997,-0.27029,-1.5264,-0.73302,-0.2196,-2.1849,0.99734,-0.013345,-1.1419,-0.20804,1.7458,-1.8546,-0.16096,-0.13542,-0.5183,1.1608,-0.6613,0.13219,2.5149,-0.62214,1.5808
0.12458,1.2688,-0.14663,-0.524,-0.78192,0.59597,-0.76262,-0.2246,-0.46068,-0.55739,1.7875,0.4145,0.39711,0.29544,-0.10008,-0.25337,-0.28641,-0.32672,-0.88828,1.1021,-0.22594,1.5307,-1.6544,0.40865,0.35201,0.45185,0.2593,-0.73144,-0.41631,0.36416,-0.46297,-0.21927,-0.32681,0.13839,-0.55593,-0.31131,0.14188,0.28482,-0.69945,-0.55043,0.43879,-0.31348,-0.72935,-0.28803,-0.23625,0.064493,0.22011,-0.13106,-0.84178,-0.4212,1.6062,-1.3365,0.020703,-0.45834,-0.55709,0.23904,0.82643,-0.18869,0.31168,0.050697,-0.5724
-0.10906,2.0017,0.0023482,-0.49902,-0.89817,1.1886,-0.69918,-0.36469,-0.30036,-0.057492,1.7724,0.35038,-0.29661,-0.51453,0.27352,-0.17784,-0.15495,-0.2876,-0.6241,1.4825,-0.065657,1.5005,-1.6632,0.39621,0.47834,0.87299,0.66252,-0.23356,-0.22607,-0.50731,-0.27765,-0.30977,-0.1799,-0.58599,-0.53504,-0.93641,-0.084949,-0.12661,-0.42478,-0.52611,0.35557,-0.36951,-0.36483,-0.44381,-0.33778,0.24776,-0.12857,-0.11745,-1.4502,-0.56785,1.5473,-0.89557,-0.051422,-0.29851,-0.48388,-0.51559,1.1209,-0.1556,-0.96959,0.077592,-0.79246
-0.038474,0.9232,-0.13487,-0.41944,-0.71806,0.55768,-0.5972,-0.38644,-0.11683,-0.66428,0.89306,0.22337,-0.29345,-0.60476,-0.35649,-0.16894,-0.34172,-0.44425,-0.53509,1.2031,-0.18589,0.89478,-1.4771,-0.26042,-0.23101,0.12466,0.34196,-0.034778,-0.59489,-0.16219,-0.46869,-0.10274,-0.16517,-0.33497,-0.67935,-0.7599,-0.13773,-0.27306,-0.75616,-0.33193,-0.35618,-0.25164,0.2354,-0.22751,-0.21462,0.057237,0.31643,-0.072434,-0.6629,-0.50468,0.58045,-1.0751,-0.15348,0.14956,-0.36136,-0.31923,0.16284,-0.1511,-0.57246,-0.37379,-0.46453
0.018284,0.74214,0.041732,-0.20572,-0.96183,0.45392,-0.52667,-0.4753,-0.27649,-0.73421,0.70664,0.7179,-0.46846,-0.79545,-0.31092,-0.20881,-0.59102,-0.35009,-0.30848,1.1955,-0.14396,0.78034,-1.206,-0.26182,-0.24039,-0.12358,0.17051,-0.28509,-0.67344,0.11504,-0.52509,-0.16177,-0.54663,-0.034177,-0.44744,-0.68914,-0.14311,-0.68128,-0.72656,-0.35672,-0.28211,-0.25077,0.026663,-0.042651,-0.28069,0.6926,0.31827,-0.086096,-0.74591,-0.42503,-0.074346,-1.8048,-0.12372,0.5156,-0.42999,-0.67016,-0.022911,-0.24337,0.0987,-0.093874,-0.59623
0.13379,0.84006,-0.38327,-0.354,-0.56162,0.47782,-0.6585,-0.070554,-0.30664,-0.20933,0.31028,0.32362,-0.44737,-1.0748,0.58338,-0.40149,1.0935,0.13089,-0.17952,2.8339,-0.034577,0.46095,-0.073561,0.63803,1.3119,0.58788,2.216,-0.28077,0.81523,2.4311,-0.05099,-0.28623,0.20645,-0.21242,1.0225,-0.78269,-0.10934,-0.48092,-0.20282,-0.41361,0.21304,-0.24933,-0.30308,0.20329,-0.64105,1.3654,-0.29538,-0.1791,-0.048386,0.0042776,0.41049,-0.52355,0.014256,0.019033,-0.43215,-0.69224,0.67243,-0.27206,-1.088,0.21439,-0.26088
-0.47302,1.1704,0.00099598,-0.44891,-0.83008,0.42807,-0.65397,0.029231,-0.23684,0.80272,1.1809,0.41196,0.13627,-0.49429,0.88716,-0.47636,0.6654,-0.13472,0.14296,0.45134,-0.15208,0.78777,-0.39294,0.32449,-0.20228,0.32003,0.94956,-0.36778,0.13088,1.2161,-0.59163,0.20631,-0.29874,-0.68576,0.21698,0.0041204,0.31065,-0.47438,-0.37194,-0.37125,0.43383,-0.46461,0.13596,-0.066762,-0.2156,0.89583,0.03865,-0.1858,-1.0036,-0.4821,1.3364,-0.51934,0.3167,0.24581,-0.2308,-0.62317,1.8764,-0.45854,-0.0010431,0.064271,-0.079157
-0.57662,0.62848,-1.4018,-0.65587,1.9802,0.65508,-0.61131,-0.22991,-0.32041,0.49668,0.94166,-0.03768,0.22967,-0.11297,-0.06517,-0.54886,0.18706,-0.27489,-0.29981,-0.45835,-0.30034,0.44748,-1.2826,-0.33331,-0.86614,-0.29063,-0.37254,1.6659,-0.55332,-0.027532,0.62796,0.35864,-0.77179,0.013681,-0.63404,-0.57058,0.29893,0.12586,-0.63212,-0.46952,-0.51391,-0.36251,-1.4862,0.011009,-0.15239,-0.13798,0.025688,-0.16188,-1.5702,-0.3237,0.98247,-0.21991,0.1263,0.19686,-0.13812,-0.51048,1.9411,-0.79377,2.0121,0.36872,0.10062
-0.34445,0.23062,2.744,-0.1855,4.5169,0.98127,-0.63812,-0.070211,-0.27535,0.359,-0.22374,0.80269,-0.36164,-0.50923,-0.059336,-0.58,-0.49284,-0.24999,0.44036,0.48968,-0.54084,-0.11693,-0.86053,0.35266,-0.30478,0.87422,1.4411,2.0189,-0.034488,0.42972,1.4278,0.24501,-0.54315,-1.078,-0.70517,0.48929,0.16202,0.043013,-0.43119,-0.029543,0.51609,-0.28501,-0.94817,0.21072,-0.80489,0.86733,-0.53311,-0.019113,-0.33524,-0.37812,1.8574,-0.23247,0.0035528,0.019342,-0.29371,0.18239,0.53856,-0.43802,-1.5922,0.36494,-0.46883
-0.29266,0.28919,6.5527,-0.80251,2.732,0.14631,-0.63317,-0.63376,-0.28491,0.023601,0.053422,0.53953,0.00063629,0.12323,0.042757,-0.56197,-0.22154,-0.36502,0.46799,-0.17417,-0.72201,0.016936,1.1081,0.04269,-0.65669,0.031327,0.11536,1.1049,-0.15785,0.0081142,0.16835,0.1468,-0.80194,-0.96661,-0.61668,-0.11767,-0.052002,-0.28169,-0.26578,-0.22034,-0.096696,-0.29414,-0.20228,0.042549,-0.44067,0.80804,0.054884,-0.059214,0.61428,-0.44469,0.82203,-0.55879,-0.15911,0.083679,0.50593,-0.566,-0.71424,-0.57337,-0.92291,0.16449,-0.59515
0.16785,0.27739,2.765,2.7656,2.8043,0.59061,-0.72794,-0.34799,-0.094064,0.38993,-0.1168,-0.38424,0.20127,1.2006,0.14602,-0.33808,0.61384,-0.35541,-1.0649,-0.39811,-0.54971,-0.16789,0.62936,-0.5473,-0.38988,-0.31955,-0.45653,0.69877,-0.35236,-0.34257,0.040075,0.13057,-0.92954,-0.43967,-0.39336,-0.87291,-0.2932,-0.27247,-0.36574,-0.52453,0.2121,-0.21844,-0.85036,-0.046493,-0.34377,0.41609,0.61527,-0.086049,-0.079599,-0.2242,0.63609,-0.30199,-0.10381,0.29927,0.69922,-1.8832,1.3671,-0.036843,0.8503,0.12598,-0.53719
-0.12206,-0.15149,1.891,4.1447,2.1921,2.0994,-0.71114,-0.2776,-0.55531,0.20972,-0.63344,-0.32914,-0.24934,0.5574,-0.26312,-0.4788,0.25318,-0.23481,-1.4258,0.36629,-0.56351,-0.53225,0.03864,-0.46685,-0.54906,-0.047777,-0.11512,0.66057,-0.29647,0.32628,-0.097461,0.3797,-0.73247,-0.54907,-0.60898,-0.648,-0.31734,0.74988,-0.85171,-0.65468,-0.57803,-0.32292,-0.9814,0.11562,-1.0769,0.28931,-0.47798,-0.0094743,0.42079,-0.57746,-0.57132,-1.2185,-0.086004,-0.32132,-0.40003,-1.2672,-0.32348,0.77717,-1.1065,0.39815,0.16624
-0.2868,0.04105,0.70932,1.7338,4.7706,1.7957,-0.71675,-0.51699,-0.46255,0.23133,-0.29685,-0.13756,-0.53102,-0.13724,-0.53079,-0.78103,0.10932,-0.24231,-1.2417,1.2958,-0.30766,-0.19391,0.077858,-0.49305,0.2651,1.4577,0.38695,0.33643,-0.096924,1.4325,0.049191,0.38105,-0.65507,-0.53937,-0.78168,-0.78491,-0.19726,0.57656,-0.11599,-0.74701,-0.59357,-0.36816,-1.2044,-0.045705,-1.1856,1.1349,-1.0362,-0.0013964,0.64736,-0.0049424,-1.1679,-0.42071,-0.046267,-0.45704,0.31459,-0.8806,-0.82992,0.12318,-1.3223,0.50602,-0.68099
-0.66732,-0.48525,0.72047,1.1001,2.7089,1.4845,-0.62916,-0.56244,-0.67929,-0.74877,-0.16913,0.25772,-0.14027,-0.20561,-0.4519,-0.4332,-0.057059,-0.41552,-1.0782,-0.64147,-0.39463,-0.23156,-2.1474,-0.11297,-0.048312,1.2222,0.66085,-0.16885,-1.1437,-1.4941,1.2733,0.41957,-0.67863,-0.4708,-0.79202,-0.29798,0.90713,0.75895,-0.37661,-0.76682,-0.69468,-0.2285,-0.9988,-0.41825,0.15002,0.51701,-0.89097,-0.026328,-1.1367,-0.022622,1.2097,-1.6596,0.13354,-0.62147,-0.29282,-0.57591,0.16949,0.10674,-1.3256,0.18459,-0.56982
-0.048421,-0.11142,0.052252,0.56069,2.4787,0.8877,-0.75555,-0.21245,-0.32945,0.6136,0.024767,-0.36054,0.18213,-0.21812,-0.32324,-0.57825,0.14283,-0.25631,-0.88395,-0.04505,-0.17083,0.058555,-1.6276,-0.2079,0.90283,0.62318,0.99233,0.78647,-0.33211,-0.8172,1.4366,0.25919,-0.61727,-0.61507,-0.80921,-0.7156,-0.12552,0.42986,-0.038772,-0.62283,-0.27409,-0.33813,-1.2551,-0.4278,-0.21865,0.71426,-1.1994,-0.004096,-1.4723,-0.42861,0.19691,-0.35074,0.1677,-0.25064,-0.43161,-0.62306,0.19327,-0.18406,-1.4245,0.13555,-0.11166
0.62161,0.17338,-0.079442,1.215,3.1991,0.62792,-0.19881,-0.15586,-0.17583,3.3587,-0.45002,-1.2917,-0.93775,-0.89985,0.00079093,-0.81434,2.8118,0.45104,0.81042,1.8113,-0.49782,0.3718,0.57915,1.4484,4.7698,-0.48188,2.4865,-0.093454,0.83284,0.68803,1.5322,0.076076,1.8015,-0.64051,1.1928,-1.2751,-1.0992,-0.83507,0.75636,-0.37748,-0.95169,-0.65945,-1.4964,-0.08778,-0.54736,1.588,-1.3645,-0.11428,0.3809,0.5104,-1.3493,1.3058,-0.22693,0.084842,0.55731,-0.39969,-0.69775,-0.25797,-1.5992,0.020569,-0.019255
0.014079,-0.43729,-0.26226,0.45951,2.6864,0.55498,-0.37864,-0.44218,-0.59791,1.4907,-0.63551,-0.71195,-0.078817,-0.24017,-0.2464,-0.74996,0.94588,0.11162,0.68064,0.087401,-0.57616,0.12431,-1.0858,0.77711,2.0283,-0.026541,1.5715,-0.14963,-0.40076,-0.8303,0.58494,0.3056,0.30955,-0.36497,0.089137,-0.57792,-0.35498,-0.74624,-0.072481,-0.2903,-0.83642,-0.47171,-0.71965,-0.29327,-0.1593,1.2911,-0.92503,-0.056917,-1.0931,-0.021002,-1.1457,-1.0295,0.029199,-0.67346,0.12515,-0.1226,-0.75783,-0.16406,-1.09,0.19363,-0.22867
0.099213,-0.00034695,-0.13744,0.31841,2.492,0.5461,-0.50476,-0.32998,-0.42387,1.5735,-0.48244,-0.4561,-0.29185,-0.16846,-0.12495,-0.68808,-0.34388,-0.00057918,0.22906,0.33477,-0.31279,0.090921,-0.19079,0.48253,1.2593,1.1901,1.6585,0.063002,-0.044364,-0.12009,1.0992,0.20327,0.025761,-0.66627,-0.64238,-0.30127,-0.2418,-0.39389,-0.041366,-0.286,0.40792,-0.47056,-1.5889,-0.15384,-0.18073,1.7899,-1.1989,0.070938,0.032156,-0.39947,0.21938,-0.51861,0.2296,-0.36215,-0.303,-0.17413,0.91942,-0.39502,-1.4427,0.83721,-0.71126
-0.31657,0.091769,-0.74075,-0.18913,2.0087,0.28947,-0.31462,-0.10611,-0.31272,1.5459,-0.72948,-0.3138,-0.27656,-0.51649,0.019494,-0.69947,-0.17086,0.0092784,0.34535,1.0178,-0.43318,-0.14493,-0.25043,0.78072,0.52937,-0.63459,0.43285,-0.05796,0.87877,0.87987,1.4421,0.10042,0.3631,0.78445,-0.13591,-1.2034,-0.64013,0.74037,0.39351,-0.11855,-0.16362,-0.3722,-1.8437,0.16674,-0.32597,1.3146,-1.7524,-0.0441,-0.33164,0.074751,-1.0295,1.863,-0.091814,-0.34986,0.14046,-1.9655,0.57643,-0.51366,-0.58558,-0.038168,-0.21568
0.44242,-0.047848,-0.89319,8.6207,1.284,-0.074556,-0.67418,0.67896,-0.30131,2.7636,-0.79031,-1.2622,-0.7588,-0.85726,-0.30154,-0.34003,-1.2076,-0.020055,-0.58924,0.87623,-0.38098,-0.29643,-0.40956,0.74478,0.36739,-1.1811,-0.27143,-0.12477,1.9148,1.6461,0.10301,0.42301,0.16899,0.3698,0.61792,-1.0074,-0.49127,0.17619,0.10749,-0.26028,-0.16328,-0.42663,-0.83914,-0.22551,-0.44604,0.4443,-1.6957,-0.099267,-0.042562,0.20489,-0.5154,2.0574,-0.086454,-0.52072,0.56992,-2.1922,0.63045,-0.32694,-0.55597,-0.83505,-0.20618
0.54209,-0.33071,-0.63246,8.4995,1.3026,-0.25822,-0.15668,-0.0077932,0.018578,1.7223,-0.70512,-0.90056,-0.53938,-0.78206,-0.57493,-0.57531,-0.068293,-0.073506,0.18347,0.45884,-0.62372,-0.36426,-0.51633,0.6978,-0.23007,0.0053438,0.51694,-0.21441,0.9059,1.7259,0.11019,0.2868,-0.26811,-0.34007,-0.098208,-0.022923,-0.36842,-0.11001,-0.25491,0.22323,0.18206,-0.32878,-0.88843,0.3284,-0.19695,1.0488,-1.2603,-0.1849,0.26253,-0.13361,-0.28431,-0.23113,-0.061593,0.070747,0.33682,-0.65858,0.11433,-0.29839,-0.91243,-0.62579,-0.16771
0.32846,-0.17782,-0.42703,4.9112,1.4241,-0.26428,0.27949,-0.41736,-0.13517,0.69572,-0.24389,-0.2942,-0.21804,-1.0157,0.0024002,-0.66088,-0.26733,-0.20518,0.063373,-0.34181,-0.75092,-0.042942,-1.4002,-0.22131,-1.6195,0.0293,-0.16236,0.3786,0.096952,0.091815,0.14803,0.63487,-1.248,0.38224,-0.87546,0.29266,-0.44685,-0.54298,-0.49044,-0.19024,0.86585,-0.39157,-0.68161,0.90215,-0.15444,0.64261,-0.84511,-0.26821,-1.8148,-0.71213,-0.51743,-1.9404,0.014795,0.17581,-0.45091,0.48341,0.54425,-0.66033,0.67308,0.30892,0.31187
0.60614,0.10643,0.37795,3.9055,0.97214,0.89414,-0.14622,-0.24187,-0.18676,2.8095,-0.69801,0.32113,-0.80836,-1.2259,-0.032721,-0.63603,-0.23949,-0.36078,-0.60199,-0.73453,-0.17741,-0.36959,0.3745,-0.078625,-0.8785,-0.14607,-0.57837,0.41338,-0.21819,0.095202,-0.36261,0.47922,-0.76765,-0.43634,-0.24078,-0.5289,-0.27322,-0.073115,-0.483,-0.71588,0.28892,0.017382,-0.80822,0.54481,0.010988,1.7211,-0.71469,-0.15483,-0.83218,-0.89428,-0.6759,-0.28886,0.23169,0.29048,-0.66155,0.24514,1.2334,-0.73189,-0.26399,0.58809,-0.44012
-0.29548,-0.62126,0.4143,2.466,-0.030548,0.80178,-0.051585,-0.42981,-0.34862,1.7043,-0.681,0.2658,-0.47951,-0.64395,-0.7316,-0.098284,-0.18657,-0.3224,-1.0276,-0.54873,0.033097,-0.2273,-0.20385,-0.058631,-0.45347,0.4735,-0.075877,0.29963,-0.57849,-1.1571,-0.061664,0.43778,-0.24754,-0.36453,-0.82828,-0.514,-0.095584,0.13835,-0.44541,-0.78429,-0.32749,-0.1944,-0.79602,-0.087798,0.33482,1.7583,-0.83278,-0.19336,-0.44201,-0.68315,-0.032755,-0.49238,-0.066973,-0.2649,-0.32166,-0.12024,0.19348,-0.34143,-0.63168,0.94186,-0.51198
-0.031749,-0.50742,-0.1709,1.7445,-0.26301,0.44854,-0.22671,-0.033414,-0.22143,1.1671,-0.8637,-0.18399,-0.25789,-0.70122,-1.0855,0.59493,-0.32607,-0.1816,-1.1167,-0.44152,0.2526,-0.34728,-0.38906,0.12131,-0.0080495,0.10799,0.23944,0.28364,-0.38191,-0.82074,-0.063192,0.29389,0.19081,-0.59125,-0.3968,-0.4429,-0.57952,-0.028462,-0.3895,-0.63805,0.24553,-0.63173,-0.77357,0.25171,0.06866,1.5338,-1.1468,-0.20152,-0.4063,-0.26874,0.27569,1.116,-0.23123,-0.030488,-0.15973,-0.092948,0.82949,-0.25591,-0.94165,0.58211,-0.17581
1.0863,1.7096,-0.5071,1.5233,-0.4307,0.64379,-0.40338,-0.034921,-0.33845,0.97471,1.5691,-0.0098546,-0.93118,-0.68794,2.3703,0.74687,2.2808,0.39164,-0.5639,2.399,-0.33947,2.0274,1.5585,1.7521,1.5901,-0.69151,1.7097,-0.4537,1.3024,-0.29168,0.54178,0.040531,2.4497,-0.49579,0.82114,-0.44712,-1.1319,-0.638,0.29987,-0.5009,-0.22683,-0.56876,-1.4856,0.80146,0.040058,0.66141,-1.4661,-0.2278,-0.56167,0.36051,-0.80652,1.409,-0.16599,-0.21203,0.22445,0.010887,0.73395,-0.52947,-0.42954,0.33635,-0.12582
0.97136,2.057,-0.4417,1.302,0.225,1.4996,-0.35684,-0.28665,0.052424,0.63426,1.9424,-0.77981,-0.52609,-0.87687,2.2126,0.62148,3.0615,0.7507,-0.51065,3.5572,-0.99437,2.2007,3.4608,2.2519,2.7822,-0.6746,3.0084,-0.7281,2.3974,-0.56538,-0.15609,-0.084178,3.0472,-0.21651,1.462,-0.71983,-1.0569,-0.98547,0.67469,-0.35981,-0.40865,-0.56865,-2.2699,1.268,-0.14013,1.2543,-1.5787,-0.095924,-0.032802,0.81224,-0.81218,-0.046307,-0.11016,0.14771,1.2098,0.067002,0.036476,-0.28348,-0.42683,0.76989,-0.48927
0.69168,1.0845,-0.14801,0.44299,0.078848,1.0392,-0.31363,-0.13859,-0.016918,0.3602,0.42511,-0.54001,-0.17431,-0.93548,0.71117,0.043506,2.1094,0.27773,-0.59451,2.5193,-0.67497,0.98411,1.7301,1.5015,2.3414,0.19999,2.7506,-0.90615,1.9691,-0.14937,-0.19093,0.027599,1.8788,-0.16339,1.5663,-0.53584,-0.52376,-0.97445,0.12769,-0.29004,-0.012824,-0.47961,-0.97682,1.1793,-0.50893,2.1238,-0.65584,-0.12354,-0.76572,0.56921,-0.79101,0.080224,-0.10515,0.16098,0.42864,0.021597,0.569,-0.12741,-0.54486,0.0065372,-0.59839
0.097185,0.67337,-0.49996,0.26574,-0.094383,0.60762,-0.55553,-0.17237,-0.14957,-0.11128,0.22193,-0.033178,0.0081623,-0.78718,0.25373,0.081484,1.2681,-0.054703,-0.47126,1.4368,-0.5132,0.69257,0.18174,0.70878,1.0473,1.1566,1.7041,-0.6195,0.64917,-0.71447,-0.34086,0.054254,1.2687,-0.44641,0.48988,-0.17327,-0.23737,-0.39739,-0.30399,-0.41262,0.28475,-0.28555,-0.84814,0.47773,-0.45449,1.5658,-0.46301,-0.042034,-1.9007,-0.10403,0.90199,0.36752,-0.074246,-0.038817,0.054812,0.37935,0.26604,-0.40805,-1.4318,0.17398,-0.84146
0.43899,0.59852,-0.62453,0.2843,0.031605,0.39832,-0.49282,-0.26766,-0.086587,0.76306,0.052409,-0.6036,-0.83524,-1.0481,-0.08561,-0.0031433,0.80034,-0.093041,-0.94819,1.7363,-0.23764,0.4517,0.97574,0.61774,1.298,1.8332,1.3561,-0.82071,1.1906,0.25472,-0.60428,0.089289,1.3637,-0.45736,0.9537,-0.77595,0.15259,-1.0104,-0.07548,-0.59809,0.35885,-0.32955,-1.2408,0.19484,-0.41038,2.2257,-1.2755,-0.12162,-0.58007,0.41332,4.3362,0.62985,-0.3029,-0.030989,0.062049,-0.44062,0.6646,-0.36934,-1.4562,-0.24638,-0.68124
-0.62745,0.47832,-0.45347,0.18269,-0.59639,-0.017162,0.78424,0.46379,-0.31827,1.5457,0.49073,-0.4858,-0.4799,-0.5336,0.61788,-0.010448,2.7401,0.3856,-0.20363,2.3864,-0.45427,0.88743,2.3281,1.6396,2.1779,0.79143,2.863,-0.71389,1.8589,1.0655,-0.31051,-0.027703,2.5337,-0.49472,2.3132,-1.238,0.047592,-0.62671,0.67457,-0.46535,-0.022312,-0.46198,-1.2523,-0.22482,-0.13823,1.0635,-1.1335,-0.3706,0.69913,1.2701,3.0692,0.33917,-0.029133,-0.22091,0.49124,-0.87696,1.2363,-0.3428,-1.5473,-0.33463,-0.5901
4.5794,0.28275,-0.012754,0.082567,-0.35967,-0.097571,0.20858,0.17893,-0.11438,1.1307,0.023273,-0.52787,-0.18878,-0.82505,0.26255,-0.31969,0.91628,0.14594,-0.87059,0.75446,0.30179,0.14122,0.6474,1.0076,1.4332,0.99028,2.5273,-0.57266,0.90996,-0.53422,-0.52437,-0.035757,0.62539,-0.61933,0.50481,-0.21072,-0.37657,-0.83119,0.17648,-0.57691,0.44982,-0.38964,-1.1501,-0.090786,-0.2573,1.1392,-1.0575,-0.15771,-0.90052,0.3375,2.7381,-0.37657,-0.11788,0.050027,0.35884,0.12425,0.4191,-0.1789,-1.5401,-0.28355,-0.58573
11.475,0.90083,0.16853,-0.18076,-0.64615,-0.46155,0.12523,-0.024743,-0.44208,1.9431,0.006523,-0.8036,-0.62557,-0.66807,1.9184,-0.59542,4.5569,1.3033,-0.69002,3.8191,2.2586,-0.0039532,4.3155,3.3307,2.1928,0.79314,4.7176,-0.43441,2.9698,0.43631,-0.068304,-0.39536,3.0148,-0.97543,2.6432,-0.44292,-0.21021,-1.1075,0.91117,-0.42921,0.20494,-0.62107,-2.1798,0.39153,-0.63059,-0.14326,-1.3462,-0.11969,0.37403,0.67761,1.75,0.039965,-0.01369,-0.34654,0.4947,-0.17968,1.7815,-0.41727,-2.6467,0.069281,-0.42569
7.6279,0.38835,-0.12015,-0.24944,-0.66154,-0.23858,-0.20391,-0.54458,-0.60599,0.65535,-0.56283,-0.2359,-0.7658,-0.69855,0.024099,-0.38875,1.839,0.91149,-0.60242,1.8779,0.53627,-0.59562,2.0343,1.9512,1.416,0.32811,2.6578,-0.4231,1.7949,-0.91256,-0.64808,-0.23163,1.282,-0.39224,1.1597,-0.92321,-0.41815,-0.89519,0.17774,-0.28864,-0.22133,-0.45742,-1.5486,0.26737,-0.41613,1.4702,-0.83949,0.011883,-1.1703,-0.10351,0.31556,-0.36467,-0.11981,-0.71378,-0.57345,-0.95543,1.1278,-0.16178,-1.3079,0.29973,-0.41697
6.0314,0.15767,0.013958,-0.45657,-0.40054,0.55521,-0.27892,-0.12731,-0.29989,0.41919,-0.91582,-0.23855,-0.59311,-0.80496,0.2246,-0.45936,2.5818,0.78013,-0.031487,2.5691,0.3989,-0.69398,2.1542,2.4106,1.9784,0.86099,3.0053,-0.61316,1.9902,-0.10001,-0.65908,-0.24944,1.5575,-0.2984,1.7476,-0.9053,0.19992,-1.1784,0.39299,-0.018177,0.067747,-0.47591,-1.3115,0.51594,-0.33936,1.3173,-0.97641,-0.15061,-0.70097,0.3695,0.6183,-0.31305,-0.23818,-0.5645,-0.11972,-0.79488,0.82095,0.06319,-0.82294,-0.15724,-0.64809
4.1724,-0.22265,0.070093,-0.28258,-1.0057,-0.30786,-0.13015,0.5424,-0.26611,0.49285,-1.136,0.23076,-0.68162,-0.65574,1.7471,-0.36797,6.7681,1.7655,0.71526,4.9135,0.79931,-0.73462,6.5741,3.9276,2.0514,-0.64458,4.2469,-0.36853,2.9697,0.1572,-0.40581,-0.24682,2.8963,-0.55929,3.5372,-0.76785,-0.32302,-1.3047,0.72071,0.095443,-0.7738,-0.41421,-1.9242,0.71899,-0.22467,-1.5398,-1.4104,-0.24165,-0.89619,1.01,-0.12627,-0.79056,-0.015171,-0.35758,0.78539,-0.14802,0.15878,-0.083483,-1.0769,-0.090533,-1.0084
3.3524,-1.1733,-0.64329,0.43705,-1.1088,-0.45271,-0.19177,1.0866,-0.41632,-0.44255,-1.7067,2.056,-1.0298,-0.45011,2.2993,-0.58749,13.697,2.2524,1.9921,7.3097,1.0356,-1.234,10.232,4.7983,0.71033,-1.6356,4.757,-0.28396,5.2726,0.574,0.22384,-0.53204,3.2433,-0.54925,3.4308,-1.7771,-0.88488,-1.7455,0.9629,0.12195,-2.0111,-0.44461,-3.161,1.1109,-0.91916,-4.2343,-2.4095,-0.64941,3.8169,2.8707,-2.6785,-1.0846,-0.087201,-0.34465,1.9318,0.02244,-1.2629,-0.32061,-2.5613,-0.2112,-0.20444
2.1282,-0.58094,-0.36738,-0.31586,-1.5822,0.11105,-0.13603,0.1617,-0.79593,-0.36095,-1.1566,1.6242,-0.82603,-0.63128,1.0185,-0.4595,9.2738,1.4906,2.0935,4.3699,0.075214,-0.81565,6.6061,3.4538,0.70745,-0.45712,3.5215,-0.61103,3.6252,-0.62063,0.00038217,-0.23556,2.4929,-0.57559,2.498,-1.2486,-0.13613,-1.5085,0.41188,-0.16808,-1.506,-0.49879,-2.4508,0.9099,-0.52915,-0.74304,-1.7136,-0.4782,1.4154,2.103,-1.6297,-1.3509,-0.19857,-0.87497,1.1902,-0.59646,-1.2791,-0.61748,-1.4142,-0.30811,-0.067161
1.6619,-0.16446,0.052314,-0.84211,-1.1188,0.04051,-0.35002,-0.94019,-0.79639,-0.7259,-0.42063,3.2451,-0.27425,-1.009,-0.63221,-0.39465,-0.26761,0.65977,3.1221,-1.5508,-0.48834,-0.26529,-0.97943,-0.10799,-0.38065,-0.76893,0.01073,0.091861,1.1146,-3.4403,-0.67815,0.0062309,-0.8872,-0.34152,-0.72987,1.0351,-0.68198,-0.53223,-0.84817,-0.51577,0.2421,-0.42878,-1.1173,-0.16638,-0.6126,1.2618,-0.86465,0.04352,-5.7412,0.024829,-2.31,-1.5063,-0.21638,-0.79105,-0.0835,1.5482,-1.3375,-0.64613,-0.69847,1.2979,0.54124
1.4871,-0.52674,-0.91909,-0.43696,-1.1156,0.21624,-0.34732,0.10534,-0.49549,-0.033237,-1.348,4.482,-0.23345,-0.80162,0.14112,-0.43658,3.1237,1.069,2.5827,2.8682,-0.12549,-0.82564,2.1539,2.3263,1.2395,0.29688,2.8213,-0.059771,1.7775,0.78346,-0.53963,-0.38475,2.2026,-0.65765,2.2528,-0.08207,-0.13958,-0.7055,0.23646,-0.45359,0.25864,-0.37694,-1.5072,0.50644,-0.15932,1.7896,-1.6278,-0.17458,-0.69417,1.4814,-0.2812,0.68449,0.021518,-0.50538,0.33441,-0.33768,0.32793,-0.3478,-1.465,0.79653,0.25807
1.1952,-0.46682,-0.56695,-0.45126,0.23511,0.28315,-0.52349,-0.0026862,-0.37422,0.035554,-0.87577,2.2674,0.043086,-0.83406,0.10323,-0.57342,0.05832,0.47537,1.8774,0.73802,-0.37386,-0.39464,-0.52118,0.78064,-0.22469,-0.29984,0.84168,0.62196,0.60412,-0.29527,-0.18371,-0.28155,0.050971,-0.34913,0.1907,-0.38488,-0.26469,-0.41897,-0.12983,-0.35714,-0.52996,-0.17996,-1.4538,0.048719,-0.62018,0.65655,-1.0671,-0.17435,-2.7074,0.77154,-1.3221,0.5424,-0.029105,-0.38893,0.29198,0.046207,-0.3895,-0.39899,-1.4678,0.31424,-0.2135
1.0933,1.26,0.022453,-0.13253,2.7618,0.65196,-0.68985,3.5265,-0.22092,0.02331,1.0709,1.9348,0.14612,-0.48019,1.0677,-0.80428,-0.76633,0.51184,1.3472,2.2041,-0.36584,1.2818,1.222,0.84099,-0.088721,0.78743,1.4108,-0.066091,1.0758,0.6168,-0.071742,-0.25042,0.52003,-0.84281,0.8143,-1.0498,0.30923,-0.64145,0.11767,-0.61989,0.21811,-0.1103,-1.559,-0.1991,-1.0198,-0.68224,-1.5085,-0.098113,0.3609,0.68696,-0.58244,0.76252,-0.025964,-0.1251,0.80711,-0.4072,-0.27842,-0.42405,-2.9684,0.31695,-0.19123
0.72714,1.3471,0.27033,-0.3765,1.1129,0.12248,-0.62454,2.909,-0.40614,1.2388,0.76386,0.79257,-0.17553,-0.40308,0.1698,-0.58933,0.19983,0.46145,-0.11658,0.66209,-0.26961,0.75218,2.7881,1.5126,0.70138,0.15459,2.3042,-0.53825,0.98622,-0.86259,-0.42757,-0.13315,1.3638,0.40969,0.6805,-0.87236,0.10461,-0.75737,0.11673,-0.71041,-0.22515,-0.17687,-0.97533,0.14266,-0.17288,0.2222,-0.79919,-0.050031,0.64995,0.49683,0.39511,-0.094312,-0.0033484,-0.43631,0.17585,-0.4887,0.37991,-0.37418,-0.43256,0.55758,-0.65226
0.43311,0.8723,-0.37083,-0.35653,1.3967,0.47423,-0.6446,1.8416,-0.2678,0.84874,0.393,0.53415,-0.81895,-1.0404,0.11812,-0.73375,2.1767,0.71435,0.27548,0.89294,-0.67151,0.42608,2.2237,1.5037,2.3477,0.016478,1.8887,-0.056609,0.46407,-0.29005,-0.47856,-0.083811,1.9966,1.566,1.2149,-0.83229,-0.19253,-1.1481,0.2322,-0.28964,-0.38002,-0.12595,-1.1819,0.36257,-0.3322,2.0196,-0.50182,-0.17883,-1.4411,0.75793,-0.8266,0.11143,-0.28175,-0.47878,-0.012207,-0.59227,0.23405,-0.26127,0.21403,0.79136,0.025334
0.42767,0.91666,0.4167,-0.14385,1.0845,0.03762,-0.49652,0.65985,-0.30233,0.34398,0.38998,3.9207,-0.85822,-1.0694,-0.54867,-0.51603,-0.26664,0.057834,0.28771,-0.36238,-0.68131,0.52354,0.10557,0.42082,1.2646,0.63206,1.2741,-0.46073,0.2177,-0.14758,-0.13287,-0.11542,0.51185,-0.00024273,0.4681,0.28252,-0.4226,-0.63007,0.022559,-0.40402,0.60631,-0.12895,-0.56947,0.19518,-0.18674,4.2485,-0.65647,-0.13435,-1.0277,0.29577,-0.64235,-0.23954,-0.30861,-0.39029,-0.19133,-0.048394,0.34198,-0.12641,-1.0329,0.3591,0.1357
1.2238,0.26611,0.23004,-0.14408,0.48675,-0.18678,-0.37812,1.2794,-0.23348,0.32979,-0.35259,4.9502,-0.42595,-0.49637,1.3033,-0.41433,5.2338,1.313,0.17622,3.8875,-0.44046,-0.12028,5.3975,2.4714,2.5298,0.14052,3.7099,-0.47989,2.6305,0.21667,-0.17393,-0.25116,3.5314,-0.87645,2.997,-0.79902,-0.13662,-0.28058,0.84783,-0.34593,-0.10216,-0.13752,-1.5563,0.077283,-0.39209,2.5964,-0.61325,-0.16806,-0.88456,1.6733,-0.53952,-0.050911,-0.023035,-0.12009,0.13237,-0.39694,0.20887,-0.25816,-2.5452,0.21084,-0.43507
1.4934,-0.10973,0.35866,0.1178,-0.23321,-0.72215,-0.28543,1.4826,-0.43445,0.2402,-1.096,4.4512,-0.44301,-0.38051,0.88968,-0.45314,7.4612,1.813,-0.12938,5.1765,-0.27947,-0.4535,9.3303,3.4951,2.9449,0.26599,4.9952,-1.018,3.4379,-0.054243,-0.23783,-0.33416,5.0589,-0.32569,3.9078,-0.88214,0.32191,-0.55947,0.74673,-0.17997,-0.79808,-0.22731,-1.8969,0.54015,0.027712,1.3629,-0.99141,-0.31956,-0.59874,1.8216,-0.12637,-0.39956,-0.012451,-0.18995,0.17098,-0.1245,-0.64038,-0.1008,-0.90342,-0.22529,-0.31719
1.3786,-0.27902,0.10493,0.70822,-0.32092,-0.82873,-0.22364,1.3936,-0.35931,-0.33291,-0.9201,3.6391,-0.12829,-0.52316,1.6753,-0.42007,8.0758,1.8088,0.24762,5.447,-0.23874,-0.72447,9.9271,3.8099,1.7879,-0.12409,5.0328,-0.72722,3.7883,-0.13177,-0.10964,-0.31843,4.5592,-0.34019,4.2626,-0.57606,0.40423,-0.79676,0.65225,-0.45387,-1.0053,-0.35802,-2.2013,0.1794,0.081329,0.0044663,-1.4843,-0.22067,-1.0742,2.5101,-0.15843,-0.83616,0.15033,-0.32777,1.6848,0.17621,-0.24828,-0.20484,0.092271,-0.28297,-0.22546
1.5592,-0.22432,-0.31915,0.33743,-0.46198,-0.92024,0.77623,1.2819,-0.39854,-0.19178,-0.81126,3.3613,-0.91202,-0.63891,1.4443,-0.52364,10.189,1.7791,1.7634,6.3936,-0.37613,-0.029385,12.61,4.4637,1.198,-0.4748,5.7299,-0.40045,3.8364,-0.7014,-0.30992,-0.43314,3.8002,0.14679,4.3844,-0.83429,0.0096287,-1.1977,1.2072,0.50684,-1.3819,-0.4463,-2.5376,2.6912,0.066961,-0.64005,-0.92681,0.41829,-1.1504,2.7841,-1.1566,-1.6404,-0.033293,-0.0074306,1.3496,-0.20807,-1.5307,-0.40145,-0.13195,-0.33196,-0.69436
1.8969,-0.63011,-0.42483,0.30183,0.152,-0.72328,0.59256,1.4469,-0.19687,-0.3944,-0.99537,2.5053,-0.94916,-0.44703,1.1264,-0.59225,8.3175,2.0978,1.3399,5.4703,-0.27219,0.56796,10.337,4.0717,0.557,-0.57367,6.0337,-0.77501,2.9987,-0.37104,-0.1267,-0.4014,2.9104,-0.033141,3.7078,-0.6848,-0.35599,-1.433,1.4596,0.79596,-1.1062,-0.38899,-2.6481,3.8369,-0.40127,-1.2856,-0.91069,-0.24958,-1.1169,1.8949,-1.1856,-1.5491,0.04253,0.05571,0.47643,0.26877,-1.0114,-0.37699,-0.87296,-0.013712,-0.61965
1.5074,-0.93114,-0.39851,0.37022,-0.36834,-0.97797,0.29586,1.6346,-0.18576,-0.27315,-1.178,1.9464,-1.0855,-0.62381,1.5856,-0.46318,9.9504,2.4074,0.84496,7.0549,-0.30506,0.11274,12.277,4.8165,0.2815,-0.99561,5.8447,-0.34389,4.2204,-0.43841,-0.28922,-0.38459,2.0907,-0.23763,4.2275,-1.2411,-0.2698,-1.3019,1.275,0.3436,-1.3501,-0.36783,-2.5949,3.283,-0.77213,-2.8527,-1.3356,-0.48847,-1.0609,1.8391,-1.2724,-1.4747,0.035607,-0.075605,0.55212,-0.17229,-0.77748,-0.22097,-0.74566,-0.25363,-0.30818
2.0676,-0.76124,-0.33007,0.37623,-0.47918,-1.1491,0.20663,1.1802,-0.14592,-0.20746,-0.96719,2.1932,-1.1453,-0.405,1.645,-0.5859,9.5816,2.2704,0.92382,5.9087,0.084123,0.3091,11.912,4.574,0.049067,-1.0806,5.6199,-0.31376,3.3418,-0.77662,-0.25611,-0.36189,2.3367,0.064724,3.1034,-1.7059,-0.29543,-1.4625,1.6066,0.46786,-1.7733,-0.41735,-2.9778,2.9598,-0.76859,-3.5933,-1.5199,-0.54071,-0.62929,3.2107,-1.8396,-1.8092,0.030804,0.0050081,0.45208,0.094259,-1.3061,-0.4023,-1.3704,-0.071493,-0.60476
2.1499,-1.2652,-0.22148,0.38657,-0.58674,-1.3131,-0.015669,1.8299,0.03741,-0.81725,-1.5485,2.5102,-1.1701,-0.49404,1.7493,-0.46298,11.259,2.3932,1.021,7.7472,-0.20211,-0.5395,12.225,5.0368,0.23238,-1.4589,5.1574,-0.25389,3.9401,-0.9222,0.14351,-0.36932,2.7956,0.068841,3.7273,-1.9167,-0.85305,-1.4053,1.3194,0.46855,-1.8949,-0.43096,-3.3309,2.453,-1.1032,-4.3203,-1.9398,-0.71018,-0.30329,3.669,-2.2365,-1.8777,0.060605,-0.46338,1.4089,0.17344,-1.3002,-0.25004,-0.82857,-0.23123,-0.38966
1.4077,-0.64329,-0.35205,0.24193,-0.7878,-1.2606,-0.16233,1.4626,-0.15427,-0.83899,-0.69002,2.1034,-1.3191,-0.66816,3.0173,-0.4613,9.4152,2.1105,1.55,6.5607,-0.17342,0.1884,11.168,4.7926,-0.011629,-0.81615,5.4032,-0.48168,3.648,-1.3932,-0.13264,-0.31454,3.5133,0.24753,3.0615,-1.409,1.3607,-1.1959,0.65607,0.33272,-1.7215,-0.46764,-2.5275,2.0532,-0.69015,-3.6717,-1.4516,-0.63956,-1.2635,3.6166,-1.6922,-1.8038,0.13711,-0.39872,0.76157,0.43047,-1.5644,-0.27427,-0.71964,0.22919,-0.56016
0.79775,-0.086454,-0.43567,-0.069671,-0.26752,-1.0733,-0.45621,1.5058,0.058799,-1.2368,-0.30491,1.0399,-1.1015,-0.34012,6.5926,-0.5077,11.286,2.4691,1.5689,8.4816,0.045519,1.4106,12.121,5.4353,0.53213,0.22535,8.0999,-0.29864,5.1387,0.80678,-0.30969,-0.44506,4.4806,-0.074212,3.9775,-1.1113,3.0863,-1.4179,0.88926,0.21674,-1.2206,-0.49202,-2.6573,1.9757,-0.49817,-4.4612,-1.4829,-0.35017,2.4217,3.6864,-0.60029,-1.3402,0.016437,-0.23651,1.2291,0.56499,-1.1539,-0.20394,-1.0756,0.6325,-0.59762
0.64499,0.063186,-0.24747,0.11401,-1.0056,-1.0961,-0.24656,0.76925,-0.25912,0.61986,-0.44611,-0.0301,-1.0592,-0.68639,2.2765,-0.28445,6.005,1.2372,0.070001,3.8781,0.095356,0.76199,6.2999,2.8286,0.25996,-0.13176,4.1987,-0.75055,2.8089,-1.0878,-0.44003,-0.11387,2.4173,-0.06462,2.1642,-0.57263,1.6286,-0.7221,0.21047,-0.11776,-0.4668,-0.40281,-1.3326,1.1843,-0.37162,-1.8441,-1.1685,-0.45166,-1.1031,2.2839,-0.049044,-0.59146,-0.063781,-0.63843,0.51938,0.55663,-0.22947,-0.20488,-1.1269,0.12624,-0.61924
1.3566,1.1328,0.21895,0.34757,2.1767,-1.302,-0.43457,0.54107,0.20322,2.4795,-0.09392,-0.1205,-1.175,-0.80578,1.5187,-0.7947,3.778,1.4231,-0.10224,3.0595,0.081177,0.77115,3.8416,2.505,0.19751,0.62056,4.0416,-1.1623,2.3822,-1.479,-0.73256,-0.055884,1.7383,0.89046,1.9019,-0.21912,1.2362,-0.94533,0.38919,-0.16421,-0.34637,-0.49156,-2.2039,0.62771,-0.31742,0.32795,-1.1587,0.61157,-1.726,0.32187,-0.46346,-1.3276,-0.19706,0.19585,0.35973,0.7147,-0.17208,-0.23698,-0.549,0.37461,-1.2512
0.95449,1.0753,-0.12084,0.11482,2.1045,-1.104,-0.48742,0.34565,-0.11782,1.2184,-0.47504,0.97275,-0.77869,-0.82762,1.1113,-0.49116,3.0089,1.3137,0.55414,3.2063,-0.20356,0.39794,3.7111,2.6998,1.757,0.97886,3.2608,-1.0327,2.3986,-0.51468,-0.67804,-0.22896,3.8124,-0.19269,2.5276,0.019159,0.72991,-0.37875,0.71841,-0.25816,0.36904,-0.28874,-1.3936,0.45656,-0.22301,1.0254,-0.88687,0.47408,-0.64436,0.43404,0.32848,-0.062579,-0.23523,-0.34313,0.35095,0.085906,0.62414,-0.15803,-0.57841,0.31104,-0.55085
1.1766,0.6238,0.45995,0.16671,1.0613,-1.1823,-0.27372,0.10871,-0.20379,0.76493,-0.7622,3.8779,-0.81702,-0.72621,0.73177,-0.19721,4.9585,1.5022,1.4516,2.0373,-0.059757,0.39044,2.0413,3.1875,2.0437,-0.055816,3.2678,-0.94729,3.0694,-0.58434,-0.49057,-0.28079,4.4922,0.14514,2.5681,0.31169,0.63822,-0.16842,0.24935,-0.37765,0.45659,-0.21183,-1.4987,0.50974,-0.21407,2.2379,-0.91059,-0.24148,-0.83717,1.3452,0.6164,-0.3741,-0.17159,-0.44332,0.34811,0.22624,0.63591,-0.1593,-0.048613,0.1482,-0.18703
1.6211,0.47652,0.074021,0.43608,0.92309,-0.98822,-0.35876,0.21696,-0.18264,0.67776,-0.70457,3.1274,-0.79827,-0.5225,1.0711,-0.63741,4.8413,1.6589,2.493,3.0809,0.44153,-0.035306,4.5696,3.7893,2.182,0.15514,3.9384,-1.0361,3.7617,0.4674,-0.28935,-0.39295,4.0632,1.5484,3.1335,-0.61117,0.89091,-0.8575,0.25049,-0.10204,-0.60745,-0.3841,-1.592,0.81598,-0.082779,0.91274,-0.35446,-0.16901,1.52,1.8644,0.35356,-1.0749,-0.12456,-0.32338,1.2836,-0.56065,0.013375,-0.22971,1.1664,-0.18847,-0.38801
0.4829,1.744,0.51834,-0.4107,4.126,-0.89123,-0.57378,2.815,-0.3183,0.19854,1.8727,1.8801,-0.82018,-0.85245,0.20711,-0.64736,0.11243,0.7481,4.5488,0.18906,-0.30104,0.2577,0.67782,1.1106,1.3486,0.45645,2.241,-0.64101,1.5211,-1.8867,0.13017,0.02471,1.9462,0.15655,0.28349,-1.1675,1.0547,-0.7502,-0.27661,-0.34297,0.1348,-0.33007,-1.1565,0.32562,0.45964,1.1482,-0.96932,-0.074958,-1.1749,-0.089753,-0.071029,-0.58833,-0.33015,-0.45758,0.86364,-1.1944,-0.018602,-0.18235,-1.3883,0.77975,0.044232
0.77143,0.92938,-0.64553,-0.07683,4.461,-0.88323,-0.5584,2.8081,-0.24709,0.1996,0.92057,0.36046,-0.58638,-0.83282,0.029282,-0.45171,1.0488,0.64696,2.4693,1.2519,-0.17411,-0.10148,1.3126,0.99743,1.5081,-0.40774,2.3609,-0.095778,1.7935,-0.72172,0.040107,0.023426,2.2264,0.1735,0.76852,-0.64189,0.0098532,-0.36319,0.11333,-0.42589,0.14659,-0.0025618,-1.5055,0.25466,-0.24054,0.6648,-1.2345,-0.0377,0.087056,0.71102,0.21328,0.059039,-0.12042,-0.58452,0.74025,-0.41842,0.67186,-0.32479,-0.66867,0.27317,-0.069435
0.39689,1.6066,5.7537,-0.22388,3.4669,-1.0737,-0.66052,1.6632,-0.14139,-0.28015,0.86087,1.132,-0.22681,-0.8776,0.14136,-0.81281,-0.92309,0.36193,1.1662,1.0625,-0.8262,0.43057,0.11351,0.96539,0.74437,0.15548,1.8225,-0.17834,0.3667,-0.81475,-0.029163,-0.031554,0.23954,-0.13198,0.34049,0.64742,-0.5457,-0.21531,-0.12772,-0.55752,0.12264,0.068285,-0.37215,0.052435,-0.0054046,2.497,-0.47906,0.21449,-1.1127,0.11529,-0.85422,-1.4224,-0.10451,-0.20497,0.3349,0.71287,-0.36005,-0.056442,-1.265,0.42029,-0.1194
0.81688,2.0256,8.4034,0.44827,3.1669,-1.214,-0.6896,1.892,0.082151,0.29089,0.75318,-0.24903,-0.38639,-0.70351,1.6528,-0.88861,1.2038,0.72099,1.0428,2.3105,-0.39605,0.93501,2.3299,1.6305,0.87553,0.33935,1.9184,-0.39661,1.1118,0.88239,-0.65298,-0.14412,1.5435,-0.96644,1.9257,-0.50595,-0.41321,1.1114,-0.12081,-0.69884,-0.28694,-0.2438,-0.37279,-0.16577,-0.14367,0.61408,-0.5062,-0.011215,0.25046,0.94841,-1.1822,0.54547,-0.13063,-0.025971,0.49888,-0.014433,-0.67259,-0.18006,-2.4598,0.40249,0.22724
-0.029438,2.6608,4.2657,-0.25939,2.3073,-1.1333,-0.45335,0.55278,-0.2908,-0.18832,2.5767,2.6042,-0.4867,-0.8546,0.48979,-0.93629,-0.60676,0.12907,-0.084874,-0.45617,-0.051486,1.1734,0.7137,0.87433,0.30452,0.36595,0.62038,-0.39638,0.049924,-0.37632,-0.41292,-0.52548,1.211,-0.61722,-0.016341,-0.49783,-0.11298,1.9843,0.19838,-0.82358,-0.099859,-0.46206,-0.59417,-0.23715,0.44202,2.2189,-0.62263,-0.1658,-0.38541,0.029654,-1.3253,1.5687,-0.24254,-0.66327,-0.66704,-0.64544,-0.80621,-0.32596,-0.64522,0.55073,-0.18614
0.79443,1.9922,3.0571,-0.45638,1.4767,-1.3551,0.6068,1.0221,-0.31253,-0.24408,0.64817,8.7978,-0.72021,-0.38863,2.9983,-0.81203,6.5443,1.4165,-0.66007,5.0067,-0.72262,0.051812,7.8615,3.7051,3.4003,-1.0917,3.3463,-0.22887,3.5029,0.05417,-0.039673,-0.26263,5.0782,-1.1343,3.3178,-1.4676,-0.43364,0.30559,2.2002,-0.27979,-1.2968,-0.34436,-2.6705,0.23859,0.27072,5.1132,-1.7345,-0.37348,-1.7764,2.4506,-1.1292,0.81305,-0.16599,-0.51481,0.12764,-1.1726,-0.78171,-0.24497,-1.3249,-0.055501,-0.40167
1.1001,1.072,1.1736,-0.43006,0.56814,-1.5996,0.89689,1.5468,-0.22186,-0.80219,0.24247,6.3003,-0.60972,-0.46957,3.8312,-0.5169,6.7856,1.4863,-0.57655,6.0107,-0.37833,-0.063697,9.0123,3.5157,2.6012,-1.0887,2.716,-0.26097,3.6819,0.97552,-0.36073,-0.25885,4.6843,-0.86565,4.0481,-1.5289,-0.12574,0.40037,1.4645,-0.24516,-1.2458,-0.22261,-2.3948,-0.18896,-0.26605,2.4257,-1.7669,-0.54316,-0.56647,3.4609,-1.4698,0.87609,-0.047481,-0.34154,0.15676,-1.1406,-0.97188,-0.25611,-1.3434,-0.48306,-0.40489
0.62224,0.64858,1.0278,0.6266,0.45636,-1.6986,0.63444,1.5528,-0.20469,-0.15935,-0.050585,5.2618,-1.1669,-0.76762,1.6099,-0.77082,8.3367,1.4023,-0.13998,7.1222,-0.38821,-0.10567,10.224,4.1749,2.5521,-0.49888,2.9052,-0.37307,3.5876,-0.38917,-0.10192,-0.34652,4.7742,-0.22472,3.5164,-0.68735,-0.19964,-0.084879,1.0753,-0.07416,-1.2934,-0.24155,-2.8742,0.5201,-0.47874,1.6611,-1.8372,-0.48345,-0.11198,2.3257,-2.4072,-0.32368,-0.018174,-0.071192,-0.070536,-0.24801,-1.7243,-0.48115,-0.22626,-0.27523,-0.31007
0.54864,0.088287,0.32408,1.4689,-0.0039071,-2.3414,1.2331,2.3813,0.25633,-0.42122,0.52651,7.1413,-1.5533,-1.5027,2.1286,-0.92248,10.499,2.3707,0.58296,7.8449,-0.6095,0.88948,9.8418,4.5963,1.6898,-1.45,1.2835,0.12133,5.7366,0.20168,-0.69105,-0.47044,3.1211,-0.92404,4.2113,-0.84698,-0.76454,-0.37525,1.1158,0.17479,-1.6668,-0.42751,-3.7905,0.30426,-0.95289,1.6595,-2.0012,-0.50614,-2.5009,2.0149,-4.6699,-0.23706,0.32352,0.052292,1.6387,0.20019,-3.4392,-0.51012,-1.4205,-0.10211,-0.16116
0.70691,0.022396,0.51595,0.072486,0.19035,-1.4335,2.3278,1.5747,0.32103,-0.36114,-0.40907,6.233,-1.3313,-1.2747,0.61917,-0.51319,6.2257,1.6693,0.24108,5.8922,-0.32715,0.36286,8.3523,3.6506,2.0783,0.0057065,2.5195,-0.4968,3.6884,-0.49041,-0.47807,-0.5019,2.4088,-0.35056,3.29,0.087878,0.13503,-0.48774,0.77894,0.27749,-0.20186,-0.30002,-2.3725,-0.1672,-0.52394,1.5294,-1.2585,-0.23172,0.02893,1.8164,-2.0574,-0.76664,-0.025268,0.016334,0.73484,0.45569,-1.75,-0.42243,-0.55327,0.27034,0.020451
0.31788,-0.075053,-0.11835,0.39995,-0.51129,-0.8781,1.8809,1.2677,0.18011,-0.63224,0.53862,5.6369,-1.1485,-0.67875,2.5449,-0.22882,7.7966,1.661,0.52897,7.7011,-0.34367,0.17886,12.948,3.969,2.2924,-0.58263,3.8258,-0.50512,2.6506,-2.021,-0.57296,-0.53475,2.6878,0.12786,3.8985,-1.088,-0.06381,-0.9313,1.7568,0.14094,-1.7575,-0.43655,-3.2579,-0.030044,-0.82204,0.018376,-2.2007,-0.40109,0.70497,2.915,-3.5551,-1.3486,0.046593,-0.020155,1.3073,0.91467,-2.5318,-0.40132,-0.2208,-0.18699,-0.56428
-0.22481,0.30038,-0.16413,-0.060165,-1.2218,-1.493,1.6929,1.1198,-0.18162,-1.2422,1.8664,4.7557,-1.3622,-0.71119,3.6148,0.22899,7.4968,1.9253,0.33778,6.6677,-0.36748,0.2655,12.315,3.758,1.9648,-0.98449,2.9934,-0.57093,3.1655,-1.3133,-0.46737,-0.61912,1.3055,0.16064,3.5357,-1.0261,-0.57599,-0.74403,1.5997,-0.14076,-1.7156,-0.094772,-3.1144,0.18507,-0.91673,-0.26566,-2.171,-0.51233,2.6123,3.3917,-4.0975,-1.6981,0.12439,-0.39719,0.47217,0.71478,-2.8186,-0.22267,-0.22112,-0.30605,-0.16773
0.624,1.149,-0.11922,-0.086087,-0.16925,-0.94061,1.0849,1.0667,0.037416,-0.25773,1.6666,2.5174,-0.77403,-0.91197,1.8957,-0.18127,4.1909,1.3606,0.25179,5.2428,-0.2621,0.32226,6.2022,2.9373,2.396,2.5342,2.6176,-0.93918,2.3501,-1.0026,-0.24161,-0.22625,2.4128,0.21549,2.6719,0.61576,1.6478,-1.129,1.4077,0.22907,0.11698,-0.18835,-2.3688,-0.53131,-0.32998,0.58869,-1.7201,0.040229,-0.32544,2.2439,-0.66776,-1.0887,-0.078317,-0.32883,0.43667,0.73762,-0.44347,-0.23331,-0.36953,0.41997,-0.34573
1.0461,2.1465,13.634,0.37102,0.5723,-1.2631,0.53861,1.1529,1.5795,2.3487,1.3812,3.2975,-0.642,-0.54878,3.3065,-1.1132,1.1865,1.1076,-0.18905,5.1934,-1.7283,-0.13201,5.6195,3.0152,1.7528,7.0307,3.2735,-1.1289,1.1763,-1.1155,0.16573,-0.12953,2.2663,0.91748,2.3674,1.3703,1.7848,-1.8969,1.1583,-0.12686,0.71733,-0.40969,-1.598,-0.9706,-0.18042,1.6838,-1.2497,-0.008545,-0.11553,1.5238,0.53574,-1.2941,-0.049448,-0.39221,0.43551,1.5108,-0.017064,-0.31261,-1.0419,0.63648,-1.081
1.0691,0.968,12.68,0.28865,-0.16135,-1.3541,0.36767,1.2691,1.3778,1.5276,0.16683,1.5849,-1.0837,-0.63892,1.5782,-0.28108,2.0223,1.1039,-0.88972,5.1811,-0.48714,-0.67647,4.9391,2.4574,1.738,4.7261,3.569,-0.95191,2.0954,-1.9211,-0.14944,-0.31568,2.5228,1.1965,2.1743,-0.53868,0.87746,-1.1258,0.79895,-0.63791,-1.385,-0.21944,-1.7394,-0.75668,-0.087211,-0.44848,-1.0439,-0.044142,-0.1877,1.7618,-1.0266,-1.1156,0.013054,-0.35335,0.45747,0.54774,-1.4723,-0.324,0.11465,0.6017,-0.9684
1.041,0.677,7.4771,0.073365,0.95797,-1.4454,0.09719,0.8114,1.8018,0.85442,0.097235,1.2226,-1.0032,-0.77132,0.7358,1.5852,2.8073,1.0529,-0.87708,4.8839,-0.06911,-0.50502,4.4993,2.2591,1.5828,4.1985,2.7422,-0.98685,2.2637,-1.8791,-0.58435,-0.31057,2.8316,0.56929,2.1124,-0.8153,-0.28377,-0.63004,0.28528,-0.64239,-1.0931,-0.21779,-1.9234,-0.63635,-0.55425,0.085691,-1.1296,-0.1434,1.0314,1.9387,-2.2333,-1.4022,-0.12544,0.058433,1.1768,-0.5475,-1.8593,-0.30367,-0.80514,0.58964,-0.97081
1.3274,0.55066,5.487,0.044098,4.922,-0.77211,-0.030076,0.81238,1.4786,0.90748,-0.12115,0.74352,-1.0753,-0.84383,1.4403,1.2027,3.4963,0.86281,-0.25527,6.1536,-0.50375,-0.52853,5.1271,2.525,1.5943,2.1423,2.5053,-0.63699,3.2128,-0.031608,-0.54798,-0.28917,3.5396,0.18767,2.6984,-1.1492,-0.47911,-0.16807,0.2509,-0.28926,-1.0985,-0.19341,-3.0012,-0.10401,-1.0735,-0.59887,-1.7145,0.25119,2.1814,1.5178,-2.8679,-0.34017,-0.32036,0.44235,0.85969,-0.7241,-1.8649,-0.59271,-1.9725,0.42591,-0.47294
1.0703,0.38839,2.9181,-0.28856,3.582,0.61207,-0.27289,0.44672,0.86058,0.69005,-0.21982,0.48039,-0.57859,-0.87346,0.97317,0.94461,1.3862,0.29724,-1.0105,3.6584,-0.41872,-0.38249,2.7993,1.1708,1.9132,1.4627,1.9803,-0.27629,2.497,0.22,-0.6681,-0.21165,3.384,-1.3168,2.2216,-0.85135,-0.42735,0.23088,0.2586,-0.43468,-1.0965,-0.55443,-1.8862,-0.2928,-0.56926,0.80443,-1.413,1.1357,-0.037839,0.61655,-2.1485,1.6807,-0.30453,0.49077,0.45222,-0.26262,-0.99325,-0.54389,-2.2202,0.020418,-0.59149
0.41482,0.035029,2.9016,-0.42195,3.142,0.36618,-0.3863,1.0025,0.4317,-0.72642,-0.10768,1.717,-0.73493,-0.86894,-0.99558,0.55929,-0.89407,0.14888,0.030796,1.2979,0.10325,-0.66081,0.55233,0.23599,-0.12909,1.9247,1.0241,-1.0069,0.14924,-2.162,-0.20771,-0.28761,0.34154,1.6871,-0.32994,0.13994,1.0666,-0.46329,-1.0476,-0.60001,0.090836,0.11926,-0.54602,-0.47469,-0.24732,0.57408,-0.33666,0.30777,-1.229,0.45176,-0.82947,-1.791,-0.0034586,-0.53067,-0.21653,-0.25937,-0.48461,-0.5516,-0.61242,1.061,-0.84541
0.82491,-0.37012,3.0893,-0.89622,5.9217,0.81739,0.46705,3.1086,1.1133,-1.9672,-0.14147,3.4106,-0.37171,0.052577,-1.7116,0.17424,-1.6925,0.053395,1.7248,5.2183,0.21353,-0.55043,3.2802,0.82579,-0.025214,4.0002,-0.045862,-0.95151,-0.21785,-0.48668,-0.3429,-0.76245,-0.22146,3.5833,0.25599,-0.48178,0.56009,-1.1454,-0.6686,-0.2071,-0.15203,1.1232,-0.9123,-0.7355,-0.81118,-0.26596,-0.51195,0.27951,-1.8503,-0.19892,-1.5242,-2.0762,-0.2493,0.61005,0.33263,-0.45934,-1.5937,-0.69162,-0.88186,2.0164,-1.7192
1.0255,-0.53425,2.5113,-0.82832,4.1431,0.34601,1.0829,3.0396,1.0946,-0.52219,-0.95232,4.0264,-0.29477,-0.21465,-1.1813,0.34764,1.4743,0.56104,1.1964,6.2835,-0.71539,-0.6085,6.9823,1.7066,2.5099,2.0909,1.8781,-1.265,1.1856,0.27053,-0.6287,-0.46245,2.7303,0.28389,2.9937,-0.58217,-1.1666,-0.41935,0.7002,0.1416,-0.42895,0.52715,-0.93378,-0.23661,-0.52895,1.5714,-0.96438,0.0071609,0.10647,0.80576,-1.5883,-1.0752,-0.18473,1.3488,0.55584,0.37767,-1.032,-0.30936,-1.5694,0.39703,-1.1026
0.91775,-0.72605,1.0883,-0.72023,2.9586,-0.37259,0.70244,2.6507,1.1892,-0.72264,-1.2933,2.8813,-0.38421,0.54643,-1.0833,0.42766,2.2511,1.0882,0.66986,5.3406,-0.46441,-0.82489,6.7172,2.0719,3.7648,0.60241,1.939,-0.96716,2.2189,0.18705,-0.14059,-0.44102,3.9066,0.2021,3.6451,-1.2631,-1.0952,-0.25667,0.12905,-0.12688,-1.2463,0.43474,-1.4899,-0.10262,-0.29365,1.0273,-1.1831,0.071901,1.0932,1.9224,-2.4964,-0.25142,-0.14404,0.91545,0.76708,-0.69691,-1.3601,-0.26056,-0.80475,0.064811,-0.95805
0.7273,-0.64587,0.26158,0.10898,1.7582,-0.67124,0.48514,2.3433,0.67872,0.011091,-1.137,2.7641,0.93707,1.4994,-0.14399,0.29713,4.6462,1.0914,0.43711,7.3597,-0.5193,-0.73994,8.8645,2.8119,2.7681,-0.28776,2.3416,-0.5276,1.7438,0.055793,-0.16544,-0.22314,4.7332,-0.42513,4.6334,-1.3942,-1.1754,-0.23795,0.9751,-0.13958,-1.2471,0.099814,-1.8843,-0.10167,-0.31023,-0.26773,-1.2916,-0.15142,-0.0062995,1.753,-2.2117,-0.21877,-0.08992,0.73887,1.4309,-0.46236,-0.70587,-0.29126,-1.4457,-0.19613,-1.0385
1.0749,-0.39216,-0.17784,-0.20233,1.0024,-0.85752,0.26258,1.952,0.61772,2.294,-1.0491,2.0312,0.46841,-0.26308,1.664,0.045312,6.22,1.5125,0.06467,8.1322,-0.41716,-0.95693,8.1901,4.2279,2.5781,-0.54945,3.6149,-0.5063,2.2318,1.1472,-0.17295,-0.0084399,3.5286,-0.30075,5.4642,-1.8267,-0.95112,-0.45787,1.4347,-0.49237,-1.6345,-0.20796,-1.9501,0.090086,-0.46766,-1.7439,-1.1833,-0.39476,1.3516,1.3625,-1.5895,-1.1442,-0.0098296,0.96659,0.92895,-0.52168,-0.6954,-0.078572,-1.7449,-0.28475,-0.59877
-0.052978,-0.55085,0.88693,0.57584,1.2245,-0.4206,-0.37688,0.73799,0.22582,0.26729,-1.2236,1.0343,0.33843,0.97306,-0.17698,0.057002,0.72062,0.059098,-0.39668,2.176,-0.58687,-1.1264,3.3519,0.37437,0.55332,0.70097,0.89775,-0.90249,0.3345,-1.1561,-0.46264,0.3295,-0.17119,0.16529,0.53086,0.2169,-0.36671,-0.24892,-0.32204,-0.20914,-0.039656,-0.0056923,-0.22233,-0.4737,0.23253,0.43937,-0.81153,-0.054776,-2.3927,-0.53583,-1.0491,-1.4444,-0.094079,0.17622,-0.018829,0.9844,0.16887,-0.042613,-0.82847,-0.011007,-1.1872
7.2402,-0.2029,0.57275,6.9864,0.99666,-0.93968,-0.11764,0.59414,0.43255,1.2557,-0.99962,0.33392,0.39324,1.0505,-0.52723,-0.50707,4.9813,1.4844,1.4693,6.5701,1.8657,-1.189,9.4268,3.8096,0.58811,-0.21022,3.9352,-1.1647,2.267,-0.73276,-0.50237,-0.16374,2.4996,0.5658,3.7831,-0.63796,-0.2563,-1.2674,0.51193,0.41716,0.35485,-0.40944,-2.1966,0.019421,-0.76177,-1.5079,-0.7489,-0.11114,-0.37778,1.4384,0.57072,-2.0337,-0.0556,0.5763,1.2093,-0.34983,1.2872,-0.53456,-1.0071,0.24217,-1.8211
7.7648,0.12341,0.69189,3.7104,0.17322,-1.3967,-0.2801,-0.0629,0.099646,0.50768,-0.82824,0.24207,0.14764,0.22206,-0.57649,-0.55052,3.7338,1.4708,1.0311,5.4214,1.3086,-1.0225,10.354,3.5583,1.9981,-0.024257,3.5824,-0.60636,2.123,-0.44271,-0.079239,-0.14408,2.8005,0.32327,3.2526,-0.17777,-0.77267,-0.53999,0.29363,0.014719,-0.16748,-0.28596,-1.5382,0.27331,-0.26122,-0.096104,-0.67278,-0.15529,-0.4704,1.3683,-0.76175,-0.46528,-0.003493,0.5384,0.14308,0.06379,-0.42846,-0.27466,-1.0834,0.32109,-0.85292
5.2589,-0.37985,1.3454,4.8346,1.8559,-1.0204,0.21507,-0.19893,0.2592,-0.099647,-1.0725,-0.2308,-0.29507,0.17248,-1.229,-0.45931,0.80498,0.26114,0.21128,3.425,-0.31706,-0.93497,5.8836,1.1189,0.70276,1.4227,1.5442,-0.90562,0.66048,-0.10274,-0.52154,0.13095,0.57783,1.4022,0.69201,1.1291,-0.62594,-0.27166,-0.45394,0.22179,1.54,-0.10737,0.0021116,0.24409,-0.43077,0.86353,-0.8145,-0.0733,-0.82616,-0.064857,-0.38242,-0.79583,-0.15763,-0.20064,-0.36774,0.61724,2.1637,-0.23618,1.7245,-0.10881,-0.52036
5.8284,-0.30011,0.56218,8.8372,4.1523,-1.2612,0.59086,-0.42546,1.1753,0.077913,-0.77967,-0.81863,-0.78344,-0.52306,-1.8509,-0.60382,2.8743,0.78394,0.67748,6.3795,0.28846,-0.37442,9.1061,3.1,3.2966,0.3651,2.9469,-1.1256,2.5749,0.55311,-0.30315,0.015764,2.2678,0.6965,2.6258,0.080332,-0.79566,-0.5478,0.34043,0.56117,0.38516,-0.2637,-1.7917,1.3205,-0.32644,0.21854,-1.5731,-0.12133,-0.6266,0.82682,-0.46113,-1.076,-0.26347,-0.33909,0.50107,-0.78875,0.82297,-0.16854,2.0494,-0.26033,-0.82808
4.0422,-0.22955,1.0401,5.6142,2.2547,-1.503,0.27046,-0.0065576,0.47508,0.088591,-0.82716,-0.44198,-0.14558,-0.46856,-1.356,-0.68885,4.399,1.6059,0.7441,6.2713,0.3264,-0.34549,10.855,3.5193,4.0228,-0.34621,4.101,-0.5862,3.0697,0.69613,-0.10094,0.033294,3.2657,-0.56898,4.4233,-0.48889,-0.73287,-0.43473,0.4719,0.40717,-0.73345,-0.20638,-1.7688,1.8172,0.22429,0.20107,-1.0161,-0.032292,-0.39931,2.2398,-0.82719,-0.35764,0.094676,-0.65854,1.3181,-0.27263,-0.53383,-0.35499,-0.67856,-0.046072,-1.1232
3.1655,-0.33506,1.2315,4.3005,1.7485,-1.5023,0.192,0.28434,0.45036,0.30256,-1.4379,-0.62591,0.24753,-0.18549,-1.0073,-0.53076,5.1993,1.4068,0.2698,6.5738,0.2131,-0.72807,10.737,3.1652,3.3349,-0.23668,4.1305,-0.74485,2.6591,0.63099,-0.1103,0.077708,4.3506,-0.55052,4.9188,-0.81729,-0.3371,-0.51407,0.54748,0.04808,-0.72304,-0.17171,-1.4443,1.6974,-0.2953,-0.40817,-0.92351,-0.25713,0.49689,1.0775,-0.30715,-0.67506,0.009746,-0.62212,1.7543,-0.21942,-0.312,-0.19651,-0.39384,-0.4149,-0.4917
2.476,-0.38097,0.22172,3.1659,0.63068,-1.7217,0.11021,1.2702,0.18116,0.085341,-1.1078,0.66228,0.02916,-0.33298,-0.2203,-0.57631,9.6401,1.9536,2.0336,8.9429,0.38217,-0.47199,13.815,4.6669,1.6908,-1.0688,4.519,-0.65258,4.0577,-1.4241,-0.35763,-0.13744,3.6337,0.30613,5.1682,-1.5422,-0.18676,-0.61061,1.2145,0.14978,-1.7569,-0.26683,-2.4505,2.0695,-0.3375,-1.9841,-1.1637,-0.50994,-1.5067,2.5045,-1.9407,-1.6307,0.02173,-0.48441,1.865,-0.015746,-1.9096,-0.23593,0.026017,-0.50226,-0.64985
2.4313,-0.56931,-0.16454,2.4264,2.5072,-1.2383,-0.077891,0.8316,0.38101,0.26035,-1.1127,0.79871,-0.60854,-0.83152,0.61011,-0.61912,10.685,2.274,2.0837,9.8394,0.33176,-0.45431,13.401,5.1791,2.1396,-0.73009,4.9168,-0.34467,4.7127,-1.0373,-0.14653,-0.2031,3.3837,1.065,5.2693,-0.96685,-0.73285,-0.90164,0.85695,0.27778,-1.4977,-0.30642,-2.8567,1.7675,-0.69669,-2.4395,-1.3676,-0.42835,-1.6064,2.897,-3.0297,-1.519,0.045283,-0.1668,1.3088,0.15488,-1.6758,-0.39738,1.2198,0.020991,-0.46104
2.3086,-0.35937,0.86854,1.9002,3.1448,-1.2817,-0.081425,4.9933,0.43152,2.0843,-1.0939,-0.11265,-0.3533,-0.85006,0.21011,-0.61584,8.0108,1.5761,0.91542,7.7642,0.03987,-0.61154,10.095,3.9524,2.5944,-0.3794,4.2553,-0.61588,3.3133,-0.14024,-0.39679,-0.13524,3.782,0.11258,5.3316,-1.6547,0.71028,-0.89071,0.7597,-0.1768,-0.20659,-0.42137,-1.92,1.5938,-0.60977,-2.558,-1.5131,-0.39759,-0.99001,2.3719,-0.090311,-1.306,-0.040096,-0.15317,1.8154,-1.6177,-0.11609,-0.21038,-0.76849,-0.39083,-0.28589
1.6791,-0.61174,0.61952,1.6491,2.0459,-1.1861,0.081555,8.0611,0.335,1.4767,-1.6456,-0.5481,-0.29852,-0.66034,0.07295,-0.5163,8.667,1.5532,0.8079,7.7605,-0.60802,-0.78602,9.9445,3.6331,2.3186,-0.96013,3.9885,-0.9288,3.4004,0.68975,-0.69903,-0.12519,2.4076,-0.45484,5.6091,-1.8381,0.87093,-0.62699,0.75358,0.072299,-0.39038,-0.20332,-1.9045,1.6605,-0.50471,-3.2219,-1.4099,-0.47889,0.88524,2.1184,0.33804,-1.435,0.044069,-0.24502,1.9199,-1.0234,0.18893,-0.05593,-1.8511,-0.49482,-0.53069
1.4468,-0.658,0.39357,1.1802,1.8993,-1.4663,-0.12339,5.3261,0.61993,1.14,-1.1041,0.25446,-0.51714,-0.6092,1.0017,-0.56134,7.0952,1.7914,1.0996,7.3097,-0.74167,-0.67836,9.8548,3.473,1.749,-1.2208,4.0258,-0.67948,3.662,0.89532,0.02852,-0.25312,2.0093,-0.50957,4.4269,-1.1349,-0.46223,-1.0245,0.96633,0.08597,-1.4131,-0.24188,-2.6657,1.3565,-0.34485,-1.5182,-1.7927,-0.28352,2.2028,1.6038,-2.1556,-1.1824,0.0016867,-0.072367,1.6859,0.027898,-1.1881,-0.17594,-1.8323,-0.0083766,-0.50989
1.4102,-0.47521,0.92938,0.46486,1.8923,-1.0965,-0.37873,3.9951,0.63679,0.36123,0.31518,-0.36846,-0.84701,-1.0296,0.69439,-0.5956,2.8774,1.1987,-0.29388,4.5409,-0.68426,-0.42483,6.5326,2.6767,1.8134,-0.10653,3.1468,-0.69611,2.3642,0.48535,-0.21098,-0.24958,1.3323,-0.44481,3.8702,0.50519,-0.1883,-0.3718,0.54692,-0.4382,0.12631,-0.29307,-1.1901,0.56042,-0.2541,0.82216,-0.71969,-0.019314,-0.33327,0.52358,-0.51684,-0.40703,0.12253,0.10294,0.48476,1.3924,0.31357,-0.42273,0.11126,0.09397,-0.63068
1.1585,0.094611,1.1773,0.37864,1.6002,-1.2972,-0.28487,2.3087,0.17581,0.85116,0.66388,0.089481,-0.73086,-0.92783,0.6342,-0.70626,0.89825,0.52465,-0.35954,2.1493,-0.52143,0.10683,3.249,1.2368,0.27658,0.35255,1.798,-0.74473,0.86362,-0.5723,-0.58809,-0.047746,0.92867,-0.065085,1.7984,1.1712,-0.62106,0.36222,0.013806,-0.46244,0.26113,-0.36942,0.2607,-0.031362,-0.10566,0.76408,-0.0071144,-0.049849,-1.6714,-0.2045,-0.96162,0.20101,0.21277,-0.17649,-0.10691,2.2806,-0.028744,-0.51314,0.60862,0.86232,-0.43144
1.0726,-0.043135,0.88161,0.32627,1.0079,-0.14952,-0.36774,1.9071,-0.049012,0.84004,0.31039,-0.058926,-0.86069,-1.0256,0.27116,-0.41576,0.78912,0.13599,-0.40752,1.997,-0.41976,-0.033103,3.5135,0.79294,-0.090308,-0.12688,0.56108,0.071395,0.6026,0.10783,-0.54227,0.14205,0.31487,0.67121,1.0252,0.38459,-0.24372,0.40743,-0.15167,-0.50165,-0.43624,-0.032955,-0.35641,0.019121,-0.3234,1.5139,-0.24768,-0.060433,-0.75369,0.17159,-0.34596,1.0847,-0.17235,-0.49567,-0.58399,1.0293,-0.031626,-0.51076,0.99855,0.13736,-0.72153
0.4647,-0.4862,0.22399,-0.099366,0.43444,0.92296,-0.44097,0.71693,-0.328,0.16833,-0.38121,0.18188,-0.01668,-0.15544,-0.48836,0.64721,0.59537,0.13416,-0.5722,1.6942,-0.73814,-0.49852,3.8043,0.13023,-0.31838,-0.40559,0.21019,-0.16394,-0.072393,0.11559,-0.81737,0.13686,0.19766,0.14863,0.56833,0.2821,-0.19662,0.3255,-0.22305,-0.45479,-0.86516,0.056731,-0.58712,0.15343,-0.058535,1.8296,-0.35884,-0.082125,0.35801,0.049529,-0.81086,0.99199,-0.32296,-0.78748,0.13738,0.48394,-1.0834,-0.70353,-0.029377,0.75577,-1.1226
0.24135,-0.46876,-0.071542,-0.14071,0.56139,0.56611,-0.53453,0.40112,0.014163,-0.36474,-0.2392,-0.51551,1.139,1.7061,-0.47724,0.61076,1.3598,-0.27787,-0.68042,0.098854,-0.61719,-0.42962,1.8398,-0.65106,-0.70124,-0.3043,-1.0206,-0.044597,-0.47016,-0.66029,-0.67833,-0.06906,-0.39639,-0.12495,0.047268,0.13198,-0.26829,0.22645,-0.156,-0.71445,-0.69249,-0.032449,0.16549,0.032549,-0.23103,0.42194,1.488,-0.033515,-0.80795,-0.21952,-1.0161,1.3286,-0.059324,-0.01308,0.51706,0.14666,0.69779,-0.62775,0.35254,0.13482,0.20607
0.0094559,-0.63505,0.66039,-0.25176,2.7335,0.51825,-0.47942,-0.38673,0.4969,-0.46903,-0.71286,1.6917,0.62003,1.5821,-0.79025,0.17553,0.72022,-0.40674,-0.36917,1.0928,-1.1255,-0.72444,0.9055,-0.37694,-0.60027,0.37215,1.0368,-1.0353,-1.0909,0.052161,0.44142,0.092794,-0.31777,0.8628,-1.1411,0.58576,-0.37431,0.1151,-0.92382,-0.10198,-0.50812,-0.055748,-1.123,0.31479,-0.26698,1.3423,-0.099807,-0.17136,-0.91753,-0.64138,0.1656,0.062369,-0.26685,0.8279,-0.018037,0.68498,0.81087,0.35647,1.9551,0.16272,-0.14412
-0.26371,-0.43956,9.6409,-0.47155,6.8377,0.1604,-0.59388,-1.2831,0.93465,0.045178,-1.6754,4.2178,-1.2746,-0.10904,-0.91581,-0.35755,-1.2921,-0.30592,0.16897,2.2788,-1.9074,-1.4093,0.23834,-0.83615,-0.12665,2.2237,1.6302,-0.77924,-0.92133,1.4935,0.41301,0.084205,0.067353,-0.020724,-0.89069,0.79937,-0.7287,0.25035,-0.75296,0.24215,-0.10976,-0.40573,-0.99583,0.17705,-0.68284,2.065,-1.7417,0.17608,0.14439,-0.30767,3.2298,-0.29137,-0.37673,0.73836,-0.4142,0.39327,1.779,0.19992,-1.7661,0.4746,-0.3846
-0.10188,-0.63686,6.2354,-0.39084,3.9787,0.21032,-0.77104,-0.95034,0.33513,-0.30218,-1.0544,1.9743,-0.52887,0.15887,-0.55578,-0.35228,-0.8348,-0.55855,-1.2385,0.30563,-0.72573,-1.0272,-0.55405,-0.99794,0.28558,1.0554,0.18369,0.37709,-0.68832,-0.53312,-0.4153,0.22785,-0.50836,-0.78295,-0.16951,-0.29058,-0.13098,2.1734,-0.63748,-0.40571,-0.40452,-0.27609,-0.42067,-0.22806,-0.37939,-0.12607,-0.61112,0.23836,-0.26678,-0.01148,1.0295,-0.39288,-0.063833,-0.33552,-0.47469,-0.64893,-0.25413,0.053055,-2.039,-0.27592,-0.82615
0.39941,-0.40997,4.4796,-0.37652,2.8138,-0.11797,-0.58283,-0.36793,-0.24031,-0.79088,-0.23184,2.1255,-0.046951,0.43192,-0.40475,-0.27749,-1.049,-0.37493,-1.0887,-0.94886,-0.11551,-0.35055,-2.0091,-0.51105,0.24875,0.84928,0.0039691,-0.49495,-0.70339,-2.0275,-0.6883,-0.028398,-0.2808,-0.30344,-0.22054,0.14714,-0.13564,2.0744,-0.6869,-0.43928,-0.028371,-0.34113,0.29923,-0.35804,-0.021817,-0.013584,0.51837,0.059343,-2.4929,-0.38574,1.4187,-0.80261,-0.023354,-0.93518,-0.57454,-0.45308,-0.00018138,-0.10881,-0.65877,0.16041,-0.71588
0.91405,-0.16461,4.1656,0.26936,2.7968,-0.27776,-0.41686,-0.25458,0.18118,-0.14312,-0.57636,0.84686,0.32981,0.079836,0.69083,-0.47732,-1.1418,-0.056274,-1.3789,0.15002,-0.40884,-0.46182,0.30948,0.092249,1.7329,0.55617,0.42236,0.29791,0.20485,-0.40217,-0.18812,-0.29557,0.5525,-0.44448,0.84527,-0.27916,-0.66862,1.074,-0.21543,-0.45435,-0.27988,-0.50861,-0.42549,-0.069333,-0.57983,-0.22108,-0.22177,0.041219,-1.3418,-0.18777,0.84788,2.2017,-0.11571,-0.44005,-0.4468,0.30634,0.3132,-0.25807,0.09446,0.32776,-0.88202
0.095341,-0.41291,2.6094,-0.38673,1.8564,-0.76199,-0.29683,-0.76188,-0.28629,-0.98084,-0.4932,1.0985,-0.045657,-0.31875,0.52104,0.39159,-0.17971,-0.20662,-1.3684,-0.36564,-0.58459,-0.34709,0.62283,-0.74012,0.5633,0.80387,-0.52658,-0.096009,-0.044035,-0.064029,-1.1217,-0.27849,-1.0971,0.34107,0.46488,-0.98101,1.2232,0.24712,-0.36372,-0.65755,-1.5847,-0.28452,-0.66356,-0.22225,-0.44127,0.46156,-0.99717,0.13866,-1.7465,-0.35088,0.36684,0.97296,-0.15852,-0.93511,0.035248,1.437,-1.2344,-0.50137,1.0973,0.29475,-0.43046
-0.28134,-0.13886,1.9072,-0.89005,1.0904,0.41443,-0.34607,-0.58942,-0.46892,-0.68493,-0.043655,0.63412,-0.2333,-0.56325,-0.086671,1.0351,-0.27616,-0.079551,-1.0611,-0.22266,-0.3661,-0.14671,0.21856,-0.95325,0.053121,0.35684,-1.0324,-0.39849,0.031002,0.37926,-1.2239,-0.44533,-0.82868,-0.59635,0.16609,-1.3089,-0.077431,-0.20901,-0.10949,-0.97683,-1.7614,-0.46178,-0.18313,-0.653,-0.42634,-0.34264,0.21072,-0.045096,-1.1342,-0.40247,-0.63173,0.0010859,-0.25586,-1.0909,0.18504,0.026356,-1.2541,-0.21547,-0.60924,-0.076383,-0.13209
-0.22847,0.090764,1.0278,-0.724,1.2714,0.55149,-0.49507,-0.40687,-0.26224,0.25021,-0.3736,0.56971,-0.092887,-0.27141,0.060182,0.41465,-0.25218,-0.15782,-0.5665,-0.50673,-0.46775,-0.35132,0.48535,-0.42808,-0.10032,0.36604,0.11197,0.28488,-0.71806,0.095203,-0.15659,-0.32234,-0.77551,-0.9835,-0.084578,-0.77823,-0.6688,-0.39063,-0.41371,-0.73186,-0.80501,-0.52927,-0.13348,-0.669,-0.25272,-0.43939,-0.17618,-0.11007,-0.81068,-0.37454,-0.86349,0.43614,-0.14929,-0.58999,-0.16156,-0.010464,-0.4942,-0.25326,-1.6107,0.094566,-0.26914
-0.60987,-0.50519,0.35541,-0.65412,0.46145,0.046901,-0.53411,-0.91905,-0.46144,-1.1928,-0.26621,0.59332,-0.49692,-0.24397,-0.21859,0.55708,0.26914,-0.088596,-0.059278,-1.5509,-0.94656,-0.18671,0.46522,-0.67638,-0.87565,-0.46363,-0.80424,0.429,-0.74017,-0.77828,-0.22498,-0.22225,-1.0681,0.23191,-0.6279,0.28545,0.8266,0.20463,-0.53472,-0.65169,-0.52508,-0.31026,1.0635,-0.44148,-0.51615,0.45316,0.90852,0.10546,-0.67409,0.38358,-0.7907,0.14853,-0.059816,-0.72445,-0.228,0.5703,-0.97729,-0.17706,0.75855,0.56179,0.80536
-0.72917,-0.96684,-0.051863,-0.76476,1.6311,-0.47525,-0.4935,-0.83277,-0.41055,-1.8796,-0.23806,0.2261,-0.21684,-0.020844,-0.69232,0.49772,0.41431,-0.13319,-0.2683,-0.093534,-1.3508,-0.13366,0.24406,-1.0394,-0.63496,-0.036218,-0.6089,-0.9653,-0.99672,0.4998,-0.61167,-0.2286,-1.18,0.54175,-0.25179,-0.39464,2.9244,-1.212,-0.76534,-0.65819,-1.2085,-0.14779,-0.40933,-0.52407,-0.67337,-1.1142,0.60208,0.19965,0.25341,0.58887,-0.98941,-0.61096,-0.069149,-0.33173,0.083527,0.39346,-0.88731,0.70795,0.59885,0.43805,0.858
-0.32381,-1.1575,-0.46124,-0.80324,6.1687,-0.19349,-0.5795,-1.2758,-0.23504,-1.8714,-0.48048,0.16874,-0.19364,-0.52294,-0.77086,0.36938,-0.055113,-0.38142,-0.55465,-0.55607,-1.1437,-0.31006,-0.13181,-0.47297,-0.072045,1.3983,0.44761,-0.80791,-1.0373,0.79066,0.16426,-0.2052,-0.75645,0.010645,-0.76686,-0.029509,2.0599,0.89695,-0.76591,-0.7496,-0.8238,0.055177,-1.1313,-0.50315,-1.4427,-0.71048,-0.99689,0.15036,2.8169,0.32349,-1.8987,-0.29843,-0.26064,-0.21959,0.067597,-0.33147,-1.7489,0.34353,-1.236,0.77692,0.24584
-0.44149,-1.1152,-0.56026,-0.67541,5.3632,0.53308,-0.57262,-0.69289,0.009262,-1.1402,-0.99117,0.1951,0.78237,0.22557,-0.83878,0.46858,-0.74847,-0.35574,-0.36408,-0.27614,-0.53438,-0.56939,-0.5987,-0.70938,0.30086,1.0328,0.1695,-0.089611,-0.53279,0.42233,0.24343,-0.20459,-0.47671,-0.27865,-0.8933,-0.079351,1.7644,1.4675,-0.48779,-0.39585,-0.29551,-0.19091,-1.2139,-0.20833,-0.82,-0.9872,-0.80936,0.12986,1.6989,0.43634,-0.42233,0.57194,-0.10404,0.066189,-0.29487,-0.31501,-1.0241,0.12389,-1.1767,0.57613,-0.22664
-0.464,-1.2713,-0.47565,-0.58293,3.167,-0.23294,-0.65691,-0.81533,-0.43279,-1.6841,-0.57146,-0.11537,0.07287,0.65422,-0.99735,0.51418,-0.2875,-0.40283,-0.52529,-0.53243,-0.68605,-0.421,-1.5133,-0.76309,-0.18961,0.29543,0.43685,-0.82536,-0.39397,-0.85446,-0.65876,0.23843,-0.90002,-0.046694,-0.63648,0.23537,1.4522,1.3881,-0.57488,-0.47099,-0.80648,0.017182,-0.9443,-0.34008,-1.0838,-1.5915,0.090423,0.20934,0.24319,0.22566,0.11712,-0.28924,-0.25061,-0.22404,-0.29724,1.4725,-1.1054,0.24915,-0.68072,-0.5317,0.77178
-0.73508,-0.72337,0.067988,-0.78308,3.1227,-0.15231,-0.12504,0.30927,-0.24465,-1.2334,-0.024645,0.17135,0.031276,0.095674,-0.93975,0.2282,0.52335,-0.28378,-0.31972,-1.9272,-0.40594,-0.091968,-2.2553,-0.68943,-0.15194,0.020815,-0.13281,0.22124,-0.60996,-1.2398,1.051,-0.16914,-0.83603,-0.89258,-0.30409,-0.6196,0.48872,1.4039,-0.30203,-0.3852,-0.17617,-0.23943,-1.3112,0.21564,0.27018,-0.14705,-0.38194,0.063012,-2.3881,0.13532,1.1235,-0.37041,-0.35847,0.21161,-0.28196,-0.82931,-0.42917,0.088111,-0.99935,-0.9463,0.31719
-1.0254,2.6138,1.0313,-0.26775,2.4508,0.046867,-0.29629,2.3596,-0.23777,0.95198,2.7545,-0.64341,0.30894,-0.70103,0.19191,-0.11105,-0.32057,-0.2633,-1.6765,-1.1313,0.26362,0.0049288,-2.3017,-0.48146,-0.62653,0.092251,-0.35785,0.43255,-0.99414,-1.231,1.4367,-0.38611,-0.28915,-0.37764,0.21988,-1.2099,0.50771,-0.2928,-0.29293,-1.0208,0.13767,-0.67655,-0.62816,-0.32122,0.86621,-1.4462,-0.23667,-0.16621,-1.4597,-0.13495,0.55845,0.37466,-0.10765,0.019674,-0.10573,-2.1936,-0.76817,-0.41609,-0.24549,0.0030903,-0.17597
-0.47166,2.7551,1.3779,-0.57372,1.3984,0.055199,-0.31842,1.0022,-0.42646,0.59288,2.5733,0.11493,-0.60607,-0.44861,-0.24276,0.049945,-1.4444,-0.40102,-1.3226,-0.68388,0.26711,-0.23897,0.31793,-0.17683,-0.42076,1.8657,0.17438,-0.53209,-0.043357,-1.4068,0.95752,-0.26425,-0.08312,0.15457,-0.42742,0.46505,0.4544,0.053848,-0.42262,-0.45297,-0.15552,-0.43486,1.1842,-0.40193,0.68551,0.35289,0.42656,0.041523,1.2242,-0.23053,-0.47371,-0.56797,-0.39532,-0.30298,-0.12394,0.087685,-0.84224,-0.48157,0.54492,0.53588,-0.48128
-0.83548,2.2316,0.75837,-0.55664,1.2878,-0.26362,-0.60313,1.0865,-0.16337,1.5901,1.3187,-0.27803,-0.21628,0.092575,-0.25646,0.02547,-1.4305,-0.24697,-1.0265,-0.48031,-0.057951,-0.57481,0.10517,-0.053856,-0.10621,0.73863,-0.34173,-0.31456,-0.02876,-0.78576,0.58258,-0.30405,-0.091457,-0.20206,0.051783,0.047753,-0.19529,0.093257,-0.22722,-0.29113,0.38444,-0.31494,0.8606,-0.39589,0.73826,-0.26027,-0.12935,-0.18948,0.19853,-0.076319,-0.46066,0.29818,-0.22778,0.13114,-0.087805,-0.011162,0.26845,-0.19596,-0.49155,-0.16099,-0.78654
-0.65532,1.1195,-0.002149,-0.59827,1.0563,-0.23821,0.35459,0.90045,0.029044,1.1138,0.61405,-0.69449,-0.65581,-0.47066,-0.25412,-0.074265,-1.187,-0.012779,0.094422,0.88056,-0.48605,-0.73989,0.26542,-0.16302,0.83138,-0.16077,0.3611,-0.74894,0.8224,0.49926,0.36902,-0.27835,0.44044,-0.13503,1.0969,-1.0404,-0.45819,-0.15577,-0.021419,0.73885,-0.26139,-0.31051,0.092119,0.12801,-0.27901,0.37762,-0.64391,-0.22341,0.8501,0.35682,-0.855,1.8381,-0.23756,-0.12734,0.19151,-0.79741,-0.17148,0.066047,-1.087,-0.6294,-0.34786
-0.46914,2.4673,0.26512,-0.3171,1.1694,-0.33258,1.1144,0.68597,0.52174,3.5092,0.10898,-0.40206,1.1073,-0.48332,0.31382,-0.66143,-1.4014,-0.18385,0.14272,-0.55377,-0.47703,-0.81642,-0.6827,-0.45149,0.22716,0.22207,-0.071021,-0.72463,0.32018,-0.88864,0.34716,-0.42956,-0.16031,-0.14528,0.86214,-0.054835,-0.41938,-0.36481,0.17995,0.50305,-1.2519,-0.46854,0.2983,0.4233,1.1765,0.7018,-0.41331,-0.20084,-0.51202,0.074929,-3.0618,0.080423,-0.14657,-0.19825,0.96468,-0.85942,-2.071,-0.38031,-1.1054,-0.53585,-0.92301
-0.57232,2.9246,0.57615,-0.42779,0.13847,-0.46406,0.24149,0.22342,0.093322,2.391,0.78451,0.35638,0.8659,-0.24937,-0.18736,-0.42881,-1.043,-0.41258,-0.59658,-1.714,-0.21762,-0.49947,-0.68645,-0.14244,-0.52681,1.423,0.6053,-0.14209,-0.36961,-2.1094,-0.15542,-0.061178,-1.2988,0.47891,-0.4301,1.2716,1.0969,-0.17559,-0.28179,-0.43881,-0.38438,-0.45913,1.874,-0.47192,1.8072,0.9351,0.26662,-0.14951,-0.67537,-0.8078,-1.0377,-1.6625,-0.072605,-0.30178,0.23106,0.47619,-1.0021,-0.64048,-0.07805,0.28698,-0.52004
-0.55992,1.9716,-0.31091,-0.42166,0.51923,-0.51915,0.27813,0.41104,0.27253,2.5664,0.56709,-0.27728,0.10038,0.16531,0.019269,-0.35199,-0.50056,-0.31366,-0.35165,-0.80549,-0.42659,-0.39921,-1.4762,-0.31448,0.21245,0.3813,-0.082826,-0.76516,-0.13551,-1.3761,-0.21564,-0.28799,-0.53913,0.081912,-0.16692,0.081649,0.39395,-0.050246,-0.27189,-0.022076,0.15149,-0.4678,0.55321,-0.097476,0.94521,-0.19988,0.42343,-0.15619,-1.0977,-0.39628,1.0187,-0.36346,-0.039462,0.13357,-0.46404,0.19576,0.56885,-0.060614,-0.47912,0.16365,-0.75053
-0.41565,2.5782,-0.37262,-0.24148,0.22857,-0.42283,0.27563,0.41026,-0.0034889,4.1322,0.74145,-0.22262,-0.23305,-0.51646,0.18569,-0.42575,-0.401,-0.064887,-0.027786,-1.0498,-0.094077,-0.093185,-0.82348,-0.1146,-0.2345,-0.28999,-0.49765,0.069171,0.087142,-0.91318,-0.21734,-0.29067,-0.17009,-0.29243,-0.058533,0.12278,-0.2147,-0.12744,0.08533,-0.22673,0.7979,-0.43699,0.52806,-0.10332,0.56091,0.40169,-0.31151,-0.1497,-0.85223,-0.16131,0.46527,1.3224,-0.079783,-0.31269,-0.14593,-0.33598,1.2388,-0.36117,-0.71364,-0.12922,-0.30494
-0.97249,1.8549,-0.46759,-0.7322,0.1241,0.28674,0.35015,-0.13644,-0.069867,2.4718,0.423,-0.35866,-0.37773,-0.3033,0.20685,-0.18556,-0.43954,-0.19503,1.5416,-1.4466,-0.38776,-0.423,-1.5641,-0.31708,-0.58252,-1.0013,-0.58876,0.11967,-0.091261,-2.1459,0.1834,0.24858,-0.52242,0.32726,-0.52522,-0.002203,-0.47979,-0.55781,-0.19535,-0.28799,0.50645,-0.33204,-0.14338,-0.58714,-0.049979,0.60732,-0.50097,-0.23936,-1.4989,-0.33706,0.053956,0.21198,-0.19484,-0.14552,-0.31705,-0.30503,0.20894,-0.38125,-0.082922,-0.45296,-0.16545
-0.75683,2.0077,-0.67859,-0.72121,0.057665,-0.029375,0.96717,-0.19592,-0.35126,2.7903,1.3544,-0.57444,-0.5982,-0.27602,0.37871,-0.35474,-1.3144,-0.10484,1.255,-0.62661,-0.42745,0.13578,-0.54724,0.19882,-0.11637,0.0072547,-0.15579,0.74525,0.25777,-0.72296,-0.14209,-0.010744,0.15431,0.041672,0.029503,0.87699,-0.37838,-0.21934,0.34137,-0.24735,0.52163,-0.26704,-0.027666,-0.7332,0.315,1.4559,-0.49512,-0.031395,-0.14594,-0.13596,-0.39208,0.2364,-0.078151,-0.52536,0.13729,0.0362,0.56518,-0.47703,0.32198,-0.0073634,0.15123
-0.16957,0.81684,-0.025964,-0.52976,-0.38611,0.58981,1.0428,-0.45519,-0.50572,1.2483,0.91076,-0.51577,-0.56934,0.53736,-0.41614,-0.47593,-0.86023,-0.26923,0.86357,-1.6511,-0.4279,-0.17812,-1.4867,0.23158,-0.41305,-0.86872,-0.8294,0.4748,-0.17563,-2.5318,-0.3407,-0.0085397,-0.070298,0.084529,-0.36166,0.74768,-0.60339,-0.61003,0.025587,0.093498,0.42675,-0.5087,0.33654,0.31574,0.3998,1.209,0.093867,-0.088138,-1.6068,-0.43067,-0.87981,-0.078485,-0.20743,-0.76224,0.1595,0.18124,1.6739,-0.40057,1.3379,0.20577,0.40027
-0.25101,0.47796,-0.29589,-0.54421,-0.54186,0.79607,0.96444,-0.72033,-0.42601,1.3841,-0.29656,-0.094122,-0.68368,0.056865,-0.66715,-0.45598,-1.1793,-0.3225,0.87468,-0.86917,-0.49505,-0.63363,-0.98098,-0.10653,-0.42702,-0.33075,-0.0076455,1.1576,-0.30676,-1.3736,0.045779,-0.0019914,0.042908,0.053643,0.12829,0.38755,-0.19687,-0.36663,-0.23619,-0.02966,0.0056412,-0.45812,0.88361,0.2142,0.091478,1.444,-0.12947,0.11123,-1.0509,-0.26162,-0.47543,0.58304,-0.18353,-0.64708,-0.31304,0.0011619,0.61559,-0.42705,-0.11072,-0.087076,0.076598
-0.3228,0.1994,-0.69039,-0.45629,-0.37412,0.38866,0.36297,-0.50524,-0.3513,0.57572,-0.1701,-0.52751,-0.068702,1.0675,-0.5457,-0.57449,-0.51267,-0.55046,-0.011822,-0.86796,-0.25006,-0.66486,-1.1973,-0.72254,-0.35334,-0.5631,-0.74869,1.3651,-0.82857,-1.6356,-0.6669,-0.065954,0.0011742,-0.17921,0.18766,-0.077946,-0.051431,-0.70439,0.028647,-0.58448,1.6971,-0.41431,0.52179,-0.018572,0.10468,0.027473,0.80002,0.85528,-1.0052,-0.88458,0.87857,1.3165,-0.26596,-0.4582,0.51639,-0.18447,1.2323,0.55776,-0.48743,-0.15346,0.688
-0.60599,0.38426,-0.39951,-0.39465,-0.31597,0.31223,0.32261,-0.30817,-0.17939,0.95909,-0.35639,-0.1571,0.31913,2.1666,-0.33366,-0.42304,-0.50247,-0.49745,0.84558,0.048444,-0.32508,-0.68031,-0.66208,-0.32462,-0.11755,-1.0987,-1.3852,0.19599,-0.57142,-0.22891,-0.33368,-0.31213,-0.32405,0.59506,-0.12117,-0.63122,-0.40215,-0.35838,-0.086576,0.19132,1.5946,-0.33652,-0.81993,0.30392,0.1588,0.51198,0.030817,0.13607,-0.75119,-0.6793,0.58288,1.412,-0.2094,-0.30288,0.63986,0.17384,1.0911,0.60942,0.68358,0.23822,-0.2947
-0.50994,0.20271,-0.24318,-0.40048,-0.057345,0.42492,0.097242,-0.53088,-0.22373,0.72869,-0.7565,-0.3458,-0.37926,0.62872,-0.58945,-0.31023,-0.58672,-0.43034,0.51819,0.56554,-0.1879,-0.84679,-0.75177,-0.43383,-0.25707,-0.077558,-0.43371,0.33977,-0.085414,0.40254,-0.22544,-0.21956,-0.17167,0.38637,-0.20852,-0.83379,-0.061249,-0.0034699,-0.24733,0.36934,0.46991,-0.30531,-0.15279,0.08366,-0.10424,0.31461,-0.52797,0.006187,-0.10359,-0.19456,0.88002,0.83298,-0.18893,-0.32018,-0.27638,0.004689,0.014244,0.23427,-0.50484,0.32019,-0.10589
-0.68585,0.13379,-0.55353,-0.27337,-0.44829,-0.17176,-0.17466,-0.50862,-0.22895,0.26646,-0.47757,-0.51864,0.068173,0.65707,-0.52826,-0.44697,-0.35007,-0.49581,0.092596,-0.47273,0.054964,-0.72873,-0.7695,-0.62376,-0.54127,-0.52142,-1.0302,0.18396,-0.1545,-0.38859,-0.78083,-0.24728,-0.12996,-0.41358,-0.085014,-0.6487,0.011665,1.2863,-0.18204,-0.05762,1.6381,-0.29915,0.025261,-0.029381,-0.042362,-0.24116,0.21054,-0.0028022,-0.67239,-0.10468,2.4382,1.2201,-0.0038706,-0.3306,-0.2488,0.34769,1.1637,-0.042989,-0.11158,0.18549,0.23582
-0.52743,-0.26856,-0.61045,-0.25711,0.54414,0.52373,-0.27579,-0.33251,-0.47912,-0.14431,-0.6528,-0.73784,0.18019,0.60861,-0.65086,-0.49073,-0.33893,-0.42202,-0.32032,0.80006,-0.031383,-0.69949,-0.80483,-0.22193,0.25443,-0.20609,-0.12694,-0.42328,-0.24741,0.38646,0.14204,-0.3693,0.35158,0.36722,-0.34778,-0.46713,-0.04695,1.1268,-0.26667,-0.13737,0.62521,-0.34832,-0.96338,0.2545,-0.1894,-0.80668,-0.53663,-0.089175,-0.23734,-0.084406,1.3597,1.1513,-0.26214,-0.63076,-0.25748,-0.099642,1.5216,0.1931,0.34387,0.4077,-0.38522
-0.74563,-0.33049,-0.63926,-0.46552,1.9217,1.4568,-0.34572,-0.43297,-0.61856,-0.57688,-0.38232,-0.53872,0.62954,0.96173,-0.87785,-0.54477,0.34357,-0.38012,-0.058285,0.70838,-0.27093,-0.48733,-1.5988,-0.26357,-0.114,0.68023,0.39633,-0.2345,-0.69743,0.19569,1.5527,-0.18814,0.029256,0.31986,-0.27729,-0.8088,0.86654,0.095973,-0.26546,-0.15498,0.45127,-0.35848,-0.53957,-0.04246,0.34382,-0.76652,0.12349,-0.06357,-0.57151,0.043484,3.2173,0.35141,-0.24621,-0.59039,-0.28803,-0.28739,1.0621,0.20846,0.9573,-0.11125,-0.056167
-0.41488,0.25944,-0.27624,-0.47734,0.83993,0.63846,-0.39554,-0.45291,-0.52176,0.14066,-0.071427,-0.55267,1.4444,0.15065,-0.29904,-0.57523,0.33466,-0.29581,-0.31509,-0.051062,-0.16841,-0.32372,-1.0804,-0.52448,-0.48059,0.34174,-0.23219,0.81121,-0.54067,2.3831,0.57787,-0.0042441,-0.41352,0.025208,-0.81967,-0.2737,0.47513,0.50928,-0.1884,-0.33852,0.21906,-0.25013,0.087916,-0.16415,-0.15642,0.11091,0.36157,0.082533,-1.0313,0.45403,1.2488,1.4443,-0.077167,-0.48726,-0.09664,0.87008,0.6467,0.19841,0.51841,0.18645,0.0028514
-0.06862,0.087352,-0.25296,-0.13285,0.2728,0.037695,-0.33706,-0.5025,-0.47459,1.3814,0.10905,-0.89793,1.0795,0.022466,-0.47337,-0.58173,-0.42369,-0.074354,-0.64058,0.35823,-0.33229,-0.16517,-1.613,-0.63493,0.073017,-0.90427,-0.55466,1.0419,0.14535,3.0877,1.0765,0.18509,-0.20024,0.47021,-1.3574,-1.3247,-0.68774,0.19423,-0.059471,-0.40716,-1.0965,-0.4172,-0.84106,0.068594,-0.49665,0.1232,-0.37847,-0.0087639,-1.2427,0.12028,-1.8016,1.6429,-0.18993,-0.37091,-0.039031,0.51745,-1.1986,-0.041522,-1.4625,-0.16458,-0.14756
-0.051434,0.013858,-0.17507,0.28531,0.11835,-0.3601,-0.22403,-0.37663,-0.29521,1.0998,0.36725,-0.89641,0.52695,-0.084471,-0.20467,-0.56429,-0.23283,-0.19074,-0.64352,-0.45279,-0.43513,0.15186,-1.8391,-0.26,-0.026045,-1.8599,-1.6524,1.4217,0.048449,1.5432,0.83215,0.010177,-0.97477,0.096521,-1.1453,-0.82376,-0.94699,0.75557,-0.18344,-0.3712,-0.83002,-0.32153,-1.152,0.59194,-0.26341,-0.28708,-0.68237,0.10185,-1.6767,0.085648,-1.7059,1.1757,-0.092005,-0.36412,0.044072,0.42844,-0.63362,-0.32899,-0.51966,-0.37843,0.10495
0.035492,-0.24174,-0.072782,0.28623,0.051743,-0.38399,-0.29767,-0.58274,-0.37755,3.4058,-0.0087626,-0.51767,0.17048,-0.011468,-1.1034,-0.75389,-0.48639,-0.20799,-0.64484,0.25333,-0.6295,-0.066965,-1.4991,-0.0083122,-0.050093,-1.0599,-0.69225,0.41299,0.094508,1.7912,0.44063,-0.022815,-0.67554,0.27719,-0.65764,-0.28731,-0.97784,-0.06558,-0.17014,-0.40179,-0.48632,-0.35748,-0.93247,0.44749,-0.10236,-0.5198,-0.81586,-0.064921,-0.98737,-0.093403,-1.7145,1.3353,-0.11863,-0.37907,0.16755,0.5338,-0.59944,-0.28523,0.33982,-0.43983,-0.1118
-0.33216,-0.34394,-0.24977,-0.25059,0.30957,-0.32651,-0.37426,-0.44413,-0.1364,2.6923,0.035281,-0.63305,0.38671,0.40323,-0.91388,-0.57659,0.1606,-0.29324,-0.74019,-0.34364,-0.55589,-0.1462,-1.4003,-0.29999,-0.24024,-1.0502,-0.78128,0.51355,-0.83285,0.4886,0.81791,-0.036008,-0.66117,0.25376,-0.7013,-0.36223,-0.69474,0.33373,-0.41588,-0.3901,0.61761,-0.22541,-1.0223,0.33229,0.047362,-0.037844,-0.45152,-0.11782,-1.1929,-0.4707,0.28003,0.81078,-0.1652,0.16799,0.021013,0.30878,1.0676,-0.36332,1.1361,-0.16326,0.42871
-0.2933,-0.71295,-0.32448,-0.10895,0.71542,-0.37648,-0.42677,-0.177,-0.22345,1.5413,-0.46463,-0.58307,0.031703,-0.20388,-0.49455,-0.51392,-0.16537,-0.29109,-0.63655,0.49677,-0.51043,-0.29691,-1.5538,-0.48085,0.025352,-1.5931,-1.0744,0.01217,-0.80884,1.4528,0.15951,-0.044794,-0.61278,0.36211,-0.55731,-0.28922,-1.319,0.24642,-0.70946,-0.23241,0.44823,-0.1001,-0.97692,0.58543,-0.057448,0.14676,-0.71355,-0.086184,-1.2931,-0.42569,-1.0624,0.49038,-0.17896,0.011748,-0.27912,0.21381,0.44426,0.069629,0.31193,0.30199,0.15446
-0.25016,-0.46707,-0.38371,0.18928,0.53731,-0.39036,-0.45089,-0.085605,-0.34529,1.2565,-0.31079,-0.52076,0.054671,0.26505,-0.44006,-0.52804,0.051211,-0.33,-0.58855,0.29901,-0.26797,-0.35241,-0.67055,-0.55708,-0.20897,-1.2008,-1.0946,-0.36571,-0.49412,1.2634,-0.35803,-0.059457,-0.19652,0.70966,-0.27978,-0.41887,-0.59094,0.30847,-0.74538,-0.34562,1.6349,0.034479,-0.71156,0.22766,0.15678,-0.11097,-0.12409,-0.18573,-0.72175,-0.29904,1.2537,1.4241,-0.14243,-0.31299,-0.036939,0.095115,1.3996,-0.17301,0.38634,0.12715,-0.074366
-0.37522,-0.20307,-0.19699,-0.24967,0.30105,-0.8025,-0.065982,-0.2127,-0.48621,0.62103,0.18398,-0.68257,0.17348,0.5444,-0.62132,-0.58944,0.60381,-0.19411,0.011645,0.65971,-0.5637,-0.080333,-0.38731,-0.63535,-0.71261,-1.8962,-1.2219,0.16964,-0.45315,1.9637,-0.23777,0.12302,-0.52167,1.916,-0.92283,-0.83812,-1.4334,-0.36167,-0.71851,0.18045,0.923,-0.044901,-0.59193,-0.0050391,-0.053476,0.65867,0.19726,-0.09864,-1.063,-0.15725,0.50871,0.96849,-0.20955,-0.12161,0.37162,0.23726,1.1792,0.069835,2.0046,0.48347,0.12441
-0.3034,-0.010485,0.045506,-0.34507,0.47647,-0.89493,-0.21295,-0.23815,-0.57772,0.50386,0.078377,-0.49061,-0.28432,-0.039852,-0.9523,-0.64951,0.93943,-0.32206,-0.10432,-0.89985,-0.32891,-0.28671,-0.94109,-0.41703,-0.64532,-0.2897,-0.48464,1.0842,-0.57573,1.4883,-0.27147,0.068344,-0.66237,0.22117,-0.71625,-0.65935,-0.55999,1.5669,-0.61279,0.21653,0.90883,-0.12512,0.26148,0.069637,-0.36549,1.154,0.3454,-0.002152,-1.2733,-0.15188,0.39575,1.5949,-0.36095,0.66598,0.029354,-0.45428,1.4624,0.37137,0.56785,0.20477,0.39079
-0.25554,-0.17982,0.082617,-0.24756,-0.1091,-1.0823,-0.34618,-0.63556,-0.50152,-0.011143,0.020833,-0.072813,-0.22044,-0.054713,-0.62457,-0.88595,0.52368,-0.44317,-0.3869,-0.21803,-0.20956,-0.12376,-0.88626,-0.58524,-0.28906,0.15822,-0.42432,0.82915,-0.37933,1.4987,-0.56111,0.14952,-0.022097,-0.034795,-0.97076,-0.00088566,-0.1984,2.0595,-0.44645,-0.030685,0.70041,-0.29436,-0.067735,0.18481,-0.2746,0.95799,-0.0039587,0.042173,-0.76717,0.33134,0.090558,2.1348,-0.2434,0.31918,0.27123,0.737,-0.14802,0.76306,1.1006,-0.27445,-0.156
-0.19401,0.39658,0.52464,-0.074042,-0.063414,-0.82123,-0.37992,-0.7186,-0.3507,0.62793,0.2234,-0.18817,-0.075799,-0.1211,-0.20411,-0.6836,0.14421,-0.25443,-0.15926,0.2956,-0.46905,0.064079,-0.082358,-0.46035,-0.42144,1.027,0.81676,-0.43707,0.092031,1.9021,-0.1729,0.016615,-0.44343,0.2174,-0.9473,-0.15891,-0.50778,0.38806,-0.2613,-0.11586,-0.36621,-0.27367,0.094396,-0.16358,-0.15373,1.5618,-0.5047,-0.062228,0.24926,0.095723,-0.90027,0.31962,-0.19357,0.21309,0.19092,1.5088,-0.836,0.87146,1.272,0.17209,-0.0011317
-0.34425,0.51039,-0.14099,-0.066398,-0.25999,0.28747,-0.39144,-0.23268,-0.15931,1.6969,-1.0747,-0.65435,-0.2215,0.90732,-0.3576,-0.7045,0.78091,-0.47181,0.017729,-0.18897,-0.02128,-0.31773,-0.081672,-0.26371,0.073684,-1.5751,-1.2435,-0.83964,-0.52675,2.4795,-0.17189,0.097346,-0.23735,0.34809,-1.059,-0.57911,-1.224,0.60848,-0.1122,0.11818,0.55435,-0.17477,-1.1579,0.20615,0.35223,0.71436,-0.43639,-0.18458,-0.58678,0.0035284,-0.66785,1.1302,-0.23718,0.50221,0.94352,-0.56483,0.32436,0.89763,1.7608,-0.14442,-0.74724
-0.95336,1.79,0.45579,-0.64836,-0.88206,0.5707,-0.37277,-1.1016,-0.56809,0.26236,1.4464,-0.37401,1.1723,0.7869,-0.61267,-0.65759,0.23306,-0.28875,-0.066441,0.76842,-0.7354,-0.2587,1.919,0.81658,-0.26308,-2.6421,-1.379,0.69559,-1.5566,2.8732,0.60508,-0.24251,0.22178,1.0924,-0.84984,2.6511,-1.1628,-0.033001,-0.58482,0.24562,6.0389,-0.30818,-0.82893,0.37255,0.7399,1.4959,-0.66673,-0.032379,1.7756,0.62955,-2.2838,1.15,-0.077088,0.38515,0.5838,-1.3941,-0.006247,0.09277,2.7611,0.46172,-0.61503
-1.3454,3.4083,0.0053754,-0.29031,-0.52729,2.9911,-0.49942,-1.389,-0.55795,0.6271,4.848,-0.94145,1.3891,0.84408,-0.011945,-0.36899,2.5232,-0.31695,0.012292,-1.0432,-0.6258,0.76004,0.90364,1.6458,-0.6447,-1.8302,-1.4794,0.16652,-1.7829,0.45158,0.76978,-0.5644,-0.48702,0.53401,-0.22244,1.6482,0.0023308,-0.39594,-0.26918,-0.12144,2.6528,-0.15348,-1.2029,-0.31898,0.18585,0.17166,2.783,-0.08098,0.2597,-0.11136,1.2908,0.7321,-0.24572,-0.15922,-0.061192,-1.6988,0.4727,0.5514,8.3897,0.96068,2.3094
-0.9691,1.5197,-0.74044,-0.43831,0.25356,3.8092,-0.47138,-0.95272,-0.16901,-0.093272,2.0565,-1.0485,0.12405,1.4966,-1.1996,-0.22556,1.4453,-0.51381,1.5617,-0.42459,-0.43038,-0.34244,-0.12814,-0.062333,0.0078231,-0.40376,-0.79619,-0.28947,-1.2736,0.79061,1.2246,-0.29994,-1.0263,0.12737,-0.20247,0.69556,0.35353,-0.47878,-0.3283,0.49007,0.60728,-0.013356,-0.38904,0.24743,0.091303,0.065219,2.8777,-0.012664,0.23329,0.30084,1.0217,-0.37887,-0.28069,0.33669,-0.26056,-0.23333,-0.76631,1.7049,4.7447,0.5203,1.0133
-1.0873,1.4031,-0.44429,-0.66499,-0.28532,3.0577,-0.5968,-1.2869,-0.75336,-0.020906,1.5842,1.1343,0.48048,0.8523,-1.0145,-0.28077,-0.13499,-0.050851,3.9923,-0.45184,-0.67212,-0.72508,-0.93893,-0.1327,-0.30178,-0.76336,-0.46525,1.9384,-1.0282,2.7636,1.6969,-0.32624,-0.64498,0.51925,-0.42335,0.12928,-0.15495,1.3057,-0.74147,0.43461,0.04169,-0.058109,-0.099422,-0.11857,-0.26686,-0.40328,0.99814,-0.076728,-0.16035,0.78424,-0.89476,-0.12207,-0.25551,-0.7258,-0.63878,-0.38481,-2.24,1.4383,3.714,1.6978,1.0057
-0.58587,0.5851,-0.10813,-0.33388,-0.20683,2.316,-0.66907,-1.6299,-0.72381,2.1441,0.098125,3.7538,0.34639,0.65898,-1.398,-0.34854,-0.19442,-0.25657,4.3103,-0.2039,-0.92683,-1.1829,-1.2278,-0.33674,-0.31443,-0.36395,-0.15767,3.0122,-0.99238,3.391,0.73547,-0.20223,-0.54131,-0.18435,-0.20931,-0.20981,-0.90223,2.5699,-0.89034,0.032631,-0.051993,0.035376,-0.038961,-0.11182,-0.24573,-0.10202,0.19844,0.1153,-0.73563,0.38866,-1.8779,-0.26207,-0.45951,-0.61984,-0.78329,-0.18799,-2.1063,0.91181,0.49834,1.086,0.72339
-0.39315,0.81487,0.49057,-0.55337,0.021087,2.1934,-0.67106,-0.98541,-0.36064,1.8911,0.22602,3.1793,0.25946,0.52121,-1.1641,-0.22439,0.041089,-0.532,4.1544,-1.1259,-0.043714,-1.0468,-0.058358,-0.72189,-0.3716,0.49588,0.43116,1.589,-0.69174,2.7089,1.1714,-0.39796,-0.74706,-0.68497,0.10231,0.24459,-0.96583,1.1516,-0.66456,0.035059,0.37761,-0.037717,0.79825,0.010017,0.17034,0.29539,0.52577,0.7673,-0.46163,0.075494,-0.67299,0.19833,-0.35711,-0.17892,-0.50349,-0.12378,-0.67824,0.43987,1.1375,0.32576,-0.15652
-0.41545,-0.093981,-0.56138,-0.14057,0.30434,2.0516,-0.53317,-0.81456,-0.39022,-0.33881,0.046442,1.1537,0.26423,0.99008,-0.94016,-0.52113,2.0182,-0.41604,3.3449,-2.5788,-0.035811,-0.65224,-2.5983,-0.1387,-0.23987,-1.031,-1.4901,0.61732,-0.50013,-0.35091,-0.23823,-0.59634,-1.0602,-0.25423,-0.16383,0.59036,0.17002,-0.049643,-0.65046,0.33623,0.629,-0.22633,-1.0086,-0.063607,-0.65351,-0.058548,3.1048,0.0097624,-4.0416,-0.053614,-0.90613,0.93346,-0.18817,-0.40767,-1.1133,-0.81143,2.0683,0.39287,3.6764,-0.43162,2.0063
-0.35933,0.49457,0.1371,-0.62479,-0.34385,2.7901,-0.5966,-0.91711,-0.51079,0.27495,0.33058,3.1453,-0.76759,0.050824,-0.81487,-0.35961,-0.77633,-0.44124,3.4318,-1.2691,-0.28805,-0.19035,0.70402,0.43928,-0.33222,1.7359,-0.019188,0.72818,-0.013149,2.0134,0.35378,-0.59847,-0.2975,0.046401,-0.042637,1.0267,0.40202,0.10717,-0.57698,-0.094867,0.82519,-0.094427,2.1168,-0.036623,0.15997,2.2022,0.021332,0.065909,2.7175,0.2116,-1.1016,-0.14532,-0.051781,-0.33296,-0.51836,0.15269,0.72767,0.29306,0.96157,-0.38839,-0.22204
-0.53834,1.036,-0.048632,-0.67971,-0.39635,1.853,-0.89416,-0.89474,-0.42205,0.067146,2.2644,1.1478,0.75699,0.17237,-0.80841,-0.70069,-0.24454,-0.35469,1.5006,-0.34665,-0.1677,1.3703,0.56272,-0.35102,-0.37549,0.44297,-0.44732,0.95929,-0.44567,1.5956,0.58217,-0.41064,-0.41643,1.224,-0.38141,-0.35646,0.18939,0.044389,-0.82511,-0.43514,-0.25114,-0.19583,1.2442,-0.48227,-0.021764,0.5703,0.56879,-0.13497,2.2434,-0.093663,-0.031286,-0.61077,-0.26317,-0.36519,-0.54995,-0.73559,-0.22689,0.12382,1.6168,-0.28257,-0.24368
-0.15945,0.30001,0.055606,-0.36221,0.22103,1.7505,-0.84342,-0.73133,-0.40875,-0.3264,1.1457,0.66025,1.0005,0.67008,-1.0533,-0.6319,-0.08808,-0.39381,0.36208,0.062899,-0.22664,0.64501,0.94051,-0.79765,-0.04186,0.90991,-0.39054,1.934,-0.85186,2.458,0.2434,-0.45127,7.6753e-05,0.39292,-0.258,-0.27133,0.57466,-0.50806,-0.24463,-0.5979,-0.56712,-0.22492,0.45598,-0.33215,-0.0052169,0.0036437,0.31532,-0.18685,1.6164,0.13127,-0.983,0.069459,-0.1008,-0.24377,0.01182,-0.81764,-1.0506,0.11757,-0.77031,0.076079,-0.22032
-0.20379,0.2114,0.17648,-0.17212,-0.4051,1.1036,-0.7416,-0.22161,-0.23305,-0.24139,1.1272,0.47714,0.78904,1.1155,-0.86128,-0.40854,-0.24459,-0.40905,0.37788,0.79828,-0.14546,0.64744,0.19668,-0.34841,0.16118,0.31251,-0.25691,0.27693,-0.73652,1.7834,-0.2271,-0.44039,0.11789,0.39139,-0.14678,-0.35242,0.50031,-0.19282,-0.62169,-0.39583,-0.11064,-0.14886,1.5075,-0.30878,0.23026,-0.20123,-0.083318,-0.18025,1.7683,0.15004,-0.025364,0.083757,-0.05161,0.092904,-0.067741,-0.40279,-0.068977,-0.076961,0.64646,-0.76171,-0.27311
-0.34925,-0.32201,-0.33649,-0.2049,-0.18826,0.78168,-0.59018,-0.89446,-0.28579,-0.58681,0.25058,0.60254,0.28161,0.46468,-1.0537,-0.48062,-0.31951,-0.34813,0.41013,0.12185,-0.45789,0.35862,0.15903,-0.3821,0.1326,0.85503,0.088567,1.1339,-0.65345,0.4859,-0.64829,-0.14045,0.046048,0.21487,0.022873,-0.4404,1.8322,-0.44106,-0.60748,-0.37894,0.08245,-0.16357,0.54001,-0.14496,0.43613,-0.047274,-0.64185,-0.094285,0.56896,0.30779,3.4859,-0.1066,-0.10044,-0.039069,-0.92987,-0.30841,-0.16331,0.040258,1.4049,-0.96811,0.06309
-0.51866,1.6577,0.15391,0.19956,-0.32417,0.19879,-0.54419,0.63985,-0.208,0.2589,3.0714,-0.27222,-0.048848,0.40418,-0.10829,-0.5279,-0.85097,-0.33118,-0.13828,-0.12681,-0.35349,0.78547,-1.4026,0.12146,-0.0060861,0.0042147,-0.11285,1.4029,-1.0232,0.36231,0.51028,-0.68199,0.046979,-0.56381,-0.060939,-0.011976,0.6043,0.21733,-0.21275,-0.40075,1.8165,-0.23606,-0.043339,-0.27092,0.60001,-1.4991,0.67204,-0.11501,0.2058,0.046284,5.4897,0.77246,0.064931,-0.17446,-0.38348,-1.3041,0.035161,-0.20626,0.33312,-0.26841,0.18526
-0.64445,2.4417,1.3115,-0.28502,-0.89468,-0.40261,0.29483,1.8225,-0.33318,0.01378,4.3221,-0.40446,0.070157,0.22849,-0.22053,-0.63943,-1.137,-0.062879,-0.28979,-0.60386,-0.40124,0.48607,-1.5894,-0.19373,-0.72672,-1.7775,-1.358,1.1513,-0.5308,-0.17588,0.32052,-0.70663,-0.72801,-0.056294,0.15733,-0.11495,-0.44063,0.032741,-0.25932,-0.29733,0.52181,-0.33806,-0.44899,0.37156,0.19022,-1.3424,1.6003,-0.11105,-0.40827,-0.058728,2.8007,0.86113,0.016539,-0.36859,-0.0058993,-1.5023,0.28627,-0.18323,2.1178,0.29034,0.82908
-0.78353,1.3902,0.46757,-0.38134,-0.48915,-0.35347,0.48004,0.89146,-0.2309,-0.51508,2.8293,-0.36505,-0.22999,0.059262,-0.97453,-0.50975,-0.42171,-0.1262,-0.12848,-0.7104,-0.34652,0.33974,-0.30299,-0.27823,-0.43168,-0.7136,-0.51494,1.2413,-0.54789,-0.38021,0.38118,-0.39228,-0.39293,-0.23477,0.5591,-0.36905,-0.43389,-0.0017878,-0.16708,-0.13026,0.034068,-0.25495,0.43171,0.49679,0.36806,-0.38803,1.6373,-0.23659,-0.12291,-0.35525,2.0548,1.2771,-0.20759,-0.17541,-0.31956,-1.4606,-0.11308,0.349,1.6517,0.30595,0.34423
0.11968,0.92204,0.4636,-0.4075,-0.60117,-0.45212,0.04196,0.79906,-0.36424,-0.75522,1.9848,-0.38894,0.35834,-0.014906,-0.7487,-0.45798,0.40004,-0.14556,-0.66374,-0.70683,-0.020688,-0.029,0.049947,-0.45764,-0.33707,-0.96991,-0.86339,0.78568,-0.3861,-0.31135,-0.11898,-0.41477,-0.62692,-0.20969,0.29091,0.088104,-0.57372,-0.18827,-0.3541,-0.60279,0.34193,-0.27199,0.54818,0.11846,-0.09391,-0.30935,2.0533,-0.22427,-0.009333,-0.3234,1.6078,1.3397,-0.14328,-0.22846,-0.46531,-0.66799,-0.33655,0.60676,1.8733,0.12035,0.65945
6.0338,0.31116,0.36651,-0.36912,-0.50964,0.071462,-0.039888,0.49621,-0.41357,-0.76806,0.74461,-0.80061,0.36767,-0.014307,-0.75378,0.30352,0.24674,-0.12242,-0.2145,-0.7196,-0.33598,-0.40871,-0.58739,-0.44206,-0.53988,-1.7911,-0.7874,0.7949,-0.26768,0.34222,0.21341,-0.58237,-0.61467,0.027597,-0.46917,0.14559,-1.3791,-0.46533,-0.31642,-0.67283,-0.28555,-0.36546,-0.032258,-0.11603,-0.15106,-0.9146,1.403,-0.16708,-0.43771,-0.16644,0.24876,0.91313,-0.26057,-0.60161,-0.36124,0.17691,-0.37643,1.1629,3.3035,0.8776,0.79708
5.4408,-0.24461,-0.29248,-0.39069,-0.16717,0.25462,-0.083962,-0.36742,-0.12932,-1.1012,0.27085,-0.39197,-0.1626,-0.18517,-1.476,0.85717,-0.0049463,-0.19736,2.5695,-0.32113,-0.86478,-0.67868,-0.057218,-0.76554,-0.75483,-0.13486,-0.1771,1.0396,-0.35135,2.8737,0.41306,-0.50877,-0.32749,-0.19902,-0.27749,0.25863,-0.56225,-0.61419,-0.50863,0.3453,0.081967,-0.16279,0.82312,0.20406,0.35381,-0.1565,0.25405,-0.11443,-0.16782,-0.30605,-0.63964,0.67898,-0.11824,-0.11493,-0.58141,0.49239,-0.51817,0.44037,0.87439,1.0037,-0.059677
3.4439,0.040516,-0.27265,-0.63008,-0.5131,-0.2284,-0.22402,-0.20003,-0.3253,-0.85905,0.47081,-0.42609,0.45021,0.32051,-1.1356,0.40729,-0.092392,-0.21714,0.86828,0.30571,-0.62192,-0.30773,-0.42302,-0.66894,-0.56438,-0.36815,-0.51756,0.22508,-0.5309,1.5631,0.014356,-0.35604,-0.011102,-0.14591,-0.17891,0.16797,0.16172,1.3969,-0.6411,-0.2247,0.40964,-0.17959,0.65307,-0.21839,0.36864,-0.65327,0.59161,0.037191,-0.23321,-0.3351,1.5267,1.1343,0.012369,-0.20907,-0.6179,0.66962,0.48718,0.2306,1.1429,0.57198,0.073341
2.5027,-0.15033,-0.095604,-0.51768,-0.27758,-0.598,-0.16189,-0.5532,-0.29514,-1.0803,0.422,-0.22019,0.66986,0.21896,-0.9827,0.19463,0.14147,-0.3419,1.014,-9.1056e-05,-0.78725,-0.25152,-0.33601,-0.85059,-0.65321,0.1022,-0.013648,0.097345,-0.52896,1.8316,0.25089,-0.26777,-0.33723,0.032307,-0.65312,0.16722,0.18497,0.80692,-0.65522,-0.14003,0.37877,-0.18889,-0.059347,-0.20585,-0.054888,-0.015647,-0.031845,-0.047373,-0.016334,0.083995,1.7496,0.23148,-0.12119,-0.047905,-0.72713,-0.018718,0.58087,0.32016,0.69168,0.52168,-0.017025
1.8657,-0.44636,-0.36561,-0.45819,-0.22952,-0.033661,-0.30212,-0.24491,-0.29731,-1.1022,-0.12945,-0.17397,0.474,1.0532,-1.2098,0.080747,0.39829,-0.42053,0.24766,-0.10016,-0.46698,-0.48039,-0.72867,-0.93807,-0.44238,0.040783,-0.22074,0.56245,-0.95857,1.7658,-0.11795,-0.28103,-0.21575,-0.42292,-0.57575,-0.069447,-0.10103,0.47217,-0.34434,-0.29012,0.54562,-0.21914,0.17758,-0.010574,0.078764,0.10406,1.1916,-0.13131,-0.041935,-0.13828,1.6321,-0.37237,0.39949,-0.19861,0.051896,-0.091425,0.73558,0.078423,0.50031,0.15361,-0.16972
1.1233,-0.35457,-0.26157,-0.4884,-0.52862,0.50023,-0.37363,-0.36327,-0.75846,-0.94939,-0.038769,0.022787,0.74272,1.9295,-0.90268,-0.084116,-0.023562,-0.47259,0.90006,-0.24315,-0.81452,-0.34173,-0.31383,-0.67783,-0.34825,-0.034888,-0.12774,0.71315,-0.72443,1.8306,-0.28303,-0.25395,-0.46994,-0.40101,-0.42625,-0.35633,-0.62912,0.27529,-0.11486,-0.093278,-0.44749,-0.24713,1.0959,0.080916,0.24374,0.38092,0.56797,-0.12562,-0.14052,-0.00069616,-0.92911,-0.62255,-0.059172,-0.61394,0.58459,0.34425,-0.69223,0.66537,0.087568,-0.038331,-0.099928
0.52133,-0.060542,-0.23135,-0.84648,0.0096606,1.2225,-0.50107,-0.65428,-0.8559,-0.7733,0.091808,-0.39635,-0.040837,1.1258,-0.79916,-0.34545,-0.013934,-0.34114,0.46661,-0.2605,-0.8839,-0.33169,-1.0168,-0.43435,-0.28114,-0.25768,-0.28793,1.8859,-0.61167,2.6183,1.5123,-0.15765,0.13188,-0.25734,-0.16511,-1.1535,-0.76902,-0.10083,0.38047,-0.17631,-0.47191,-0.088723,-0.14937,0.36076,0.15145,0.22884,-0.48465,-0.20213,-0.26618,0.20744,-1.6356,-0.55959,-0.28122,-0.66525,-0.051882,-1.1087,-1.039,1.2353,-0.37349,-0.18362,0.097876
0.5165,0.12667,-0.09661,-0.6263,-0.308,1.3564,-0.52554,-0.45252,-0.83884,-0.42111,-0.061075,-0.50381,0.18124,0.80734,-0.57266,-0.32015,0.19346,-0.23203,0.036393,0.34092,-0.36021,-0.38995,0.094976,-0.35558,0.78473,0.37992,0.57718,0.89122,-0.55566,3.2054,1.2955,-0.20043,-0.26957,-0.40214,0.054501,-0.55359,-0.28141,0.022596,0.26124,-0.31336,-0.056094,-0.10049,0.32059,0.20093,-0.42842,1.1469,-0.085918,-0.097554,0.32687,0.11759,-1.1196,-1.1818,-0.26921,-0.7006,0.18527,-0.12045,-0.86171,0.75353,-1.1077,-0.2396,-0.10061
0.63426,-0.080854,0.20074,-0.34313,-0.40081,0.44523,-0.4289,0.12407,-0.62365,-0.05322,-0.14926,-0.81489,0.26721,0.51542,0.040481,-0.37168,-0.31916,-0.15538,0.21376,0.39468,0.59309,-0.17513,0.37902,0.18384,1.2767,0.036484,0.27267,0.16421,0.83284,2.7576,0.80462,-0.1398,-0.55782,-0.4289,0.41832,-0.61316,-0.26142,0.17911,0.18263,-0.038294,0.077904,-0.02926,-0.3833,0.2545,-0.51763,1.6583,-0.66512,-0.17834,0.048594,0.087553,-1.478,-0.54487,-0.27601,-0.70027,0.34006,-0.24857,-0.3928,0.11437,-1.1778,-0.58403,-0.6809
0.48777,-0.22377,-0.26535,0.10471,-0.50838,-0.10414,-0.45376,0.56186,-0.36667,0.05677,-0.15734,-0.68744,-0.048132,-0.051346,0.74032,-0.54523,0.028881,0.057929,-0.1213,1.2765,0.46858,-0.059607,0.44635,0.60035,1.2946,-0.45048,0.040771,0.29724,0.94632,2.8597,0.29614,-0.37443,0.0019974,-0.89197,1.1872,-0.42092,-0.49089,2.2951,0.81154,-0.15474,0.31903,-0.26599,-1.0633,0.39857,-0.52139,1.2897,-1.2632,-0.18577,0.56878,0.39459,-1.4479,0.50009,-0.2656,-0.56525,0.68444,-0.68548,0.15422,-0.1556,-1.4181,-0.65035,-0.12753
0.26005,-0.1225,-0.0037497,-0.20732,-0.82215,-0.34699,-0.2912,-0.21734,-0.64917,-0.40322,-0.085696,0.82701,-0.071833,-0.37443,-0.39318,-0.58768,-0.82788,-0.096502,2.7386,-0.56883,0.089422,-0.038968,-0.022452,0.11375,-0.0062848,-0.0068039,-0.058153,0.36384,-0.24941,0.32195,0.51872,0.43245,-0.29957,0.086502,-0.29335,0.54581,-0.20059,0.52756,-0.019778,-0.37518,1.0622,-0.15372,-0.26011,-0.052086,-0.083024,0.55922,-1.2037,-0.20453,0.021629,0.18235,-1.0172,-0.32037,-0.063838,-0.579,0.16821,0.25059,-0.2207,0.032665,-0.81535,-0.066044,0.371
0.29376,-0.23261,0.26441,-0.20382,-0.53177,-0.21008,-0.393,2.1626,-0.30244,-0.34296,-0.5591,3.5718,0.16242,-0.643,-0.6432,-0.54974,-0.6566,-0.29376,2.9684,-0.52405,0.042144,-0.29093,-1.0357,-0.60842,-0.62939,-0.22058,-0.45874,1.5503,-0.49108,1.8937,0.58434,0.47486,-0.43494,0.63919,-0.54789,0.13355,-0.16511,-0.012917,-0.11453,-0.46221,1.232,-0.12698,-0.15029,-0.11931,-0.17384,0.70779,-0.94313,-0.11201,-0.28125,0.19622,-0.46442,-1.0058,-0.26904,0.045315,0.28332,-0.52201,-0.85639,0.28296,-1.5384,0.13858,-0.30392
0.073477,-0.45244,0.14537,-0.21228,-0.54612,-0.43385,-0.43914,2.0469,-0.23505,-0.46093,-1.0264,3.6801,0.20924,-0.54186,-0.69248,-0.39615,-0.8199,-0.21995,1.5732,0.37398,-0.18947,-0.5669,-2.1136,-0.33253,0.13519,-0.23369,0.0052472,0.6307,-0.32027,2.3403,-0.057849,0.23299,0.46805,-0.18225,0.047746,0.36195,-0.62313,0.044332,-0.048328,-0.33702,0.90566,-0.075693,-0.0050603,0.070177,-0.090374,1.2035,-0.80252,-0.12329,-0.63709,-0.12725,-0.70549,0.18147,0.11697,-0.019163,0.010059,0.33741,-0.11404,0.078018,-0.8237,-0.051182,-0.21234
0.21412,0.098097,0.2698,-0.29923,-0.96537,-0.66447,-0.41682,1.507,-0.6309,0.072298,-0.59582,2.1353,0.16607,-0.21231,-0.70644,-0.32329,-0.79481,0.0062835,0.14533,1.8144,-0.0034475,-0.43111,0.38646,0.55003,0.93176,0.37551,1.0097,-0.0014969,0.24331,2.0708,0.28689,0.0072703,0.6113,0.16599,0.2437,-0.11659,-0.44349,-0.10529,0.078204,-0.709,0.30629,-0.084364,-0.02047,0.25305,0.085813,2.3678,-0.97516,-0.16442,1.6634,0.25585,-0.19982,0.12992,0.26261,-0.41411,0.1709,-0.34669,-0.24518,0.12439,-0.3937,-0.055542,-0.22268
0.17946,-0.63675,-0.010915,-0.29063,-0.59669,-0.86373,-0.5015,0.36811,-0.39038,-1.0665,-0.50312,1.5549,0.35636,-0.0058805,-0.70312,-0.40899,-0.2275,-0.095083,1.3067,-0.47368,-0.60233,-0.38035,-1.6746,-0.62259,-0.33376,-1.0782,-0.67678,0.62071,-0.33927,-0.56827,0.070628,-0.048411,-0.57727,0.22082,-0.81798,0.34435,-1.2282,-0.23411,-0.56272,-0.26191,0.36526,-0.10281,-0.53419,0.11295,-0.22686,0.41676,-0.59361,-0.20439,-1.3417,-0.17437,-1.8209,-0.52873,-0.12103,-0.4445,-0.27399,0.52532,-0.78392,-0.020554,1.2375,0.036017,0.22511
0.2453,-0.91639,-0.40149,0.0025656,-0.073837,-0.6799,-0.5299,0.22094,-0.37478,-1.0605,-0.83415,1.6829,0.26105,-0.40173,-0.58959,-0.39323,-0.085504,0.0044247,1.8649,0.27532,-0.30968,-0.44814,-1.8393,-0.45644,-0.36689,-0.91276,-0.95243,0.79413,0.0027999,0.21956,0.17424,-0.21388,-0.019312,0.1435,-0.51696,0.83584,-1.25,-0.46494,-0.50342,-0.56704,0.32974,-0.16241,-0.87333,-0.12414,-0.53241,0.88251,-0.38648,-0.06044,-1.2223,-0.077999,-2.5979,-0.10714,-0.053665,-0.4442,-0.39004,0.80285,-0.96824,-0.096801,1.0124,0.38554,0.5846
0.094349,-0.57112,-0.37596,-0.25395,-0.47191,-0.58242,-0.59682,0.24942,-0.38959,-0.49292,-0.94619,1.7973,0.11236,-0.28219,-0.79345,-0.28199,-0.76098,-0.14812,2.0285,1.174,-0.28878,-0.52013,-0.54287,-0.17736,-0.062668,0.47742,0.40629,1.1592,-0.24415,1.3851,-0.10209,-0.16747,0.39976,0.037939,-0.010749,0.020346,-0.33357,-0.24079,-0.45231,-0.29242,-0.1228,-0.039835,0.56904,0.20506,-0.027685,1.552,-0.47908,-0.070775,0.11977,-0.035151,-1.1494,0.9292,0.0068451,-0.22114,-0.50951,0.14239,-0.81838,-0.0075311,-0.34956,0.42351,0.066837
0.038679,-0.25038,-0.30012,-0.23819,-0.28761,-0.72669,-0.48837,0.028832,-0.22541,-0.41093,-0.57468,0.97868,-0.19335,-0.42986,-0.26531,-0.3922,-0.17317,-0.11738,2.585,0.22334,-0.20991,-0.2654,-0.43441,-0.14652,-0.14184,0.37426,0.19156,0.3378,0.05385,1.8195,-0.31619,-0.17503,0.27984,-0.24408,0.32565,-0.17015,-0.49097,-0.31833,-0.48458,-0.11392,-0.086958,-0.10219,0.42757,0.098395,-0.040524,1.8871,-0.038127,-0.22197,-0.33195,-0.21281,-1.0529,0.8728,-0.22897,-0.0083572,-0.60195,-0.097925,-0.6994,0.06224,-0.021368,-0.066558,0.32812
-0.14227,0.037796,-0.18324,-0.37273,-0.47717,-0.85557,-0.37216,0.082493,-0.28389,-0.068661,-0.48753,0.78856,-0.14393,-0.71774,-0.25085,-0.41751,-0.12925,-0.13373,2.2342,0.40818,-0.26782,-0.19763,0.75211,-0.21752,-0.022814,0.59849,0.29084,-0.14997,0.47316,1.9435,-0.33212,-0.26377,0.16858,-0.11134,0.16858,0.11677,0.055155,-0.24285,-0.24836,-0.066634,0.22148,-0.14277,0.18223,0.24059,0.18563,2.6303,-0.46724,-0.1373,0.49862,0.10267,-0.54421,1.5717,-0.06342,-0.18737,-0.15923,-0.11101,-0.24681,0.045039,-0.13856,-0.079145,0.028353
-0.25119,0.10288,0.097582,-0.40551,-0.75687,-1.1126,-0.47496,-0.046269,-0.3841,-0.26514,-0.16838,0.58351,-0.12635,-0.40286,-0.21695,-0.33209,-0.64882,-0.18676,1.5837,-0.53981,-0.18883,-0.048075,0.58394,-0.18787,-0.75529,0.43157,0.48362,0.01367,0.28734,0.23449,-0.4359,-0.25101,-0.46356,-0.38976,-0.39688,0.57522,-0.091755,-0.08127,-0.078478,-0.25537,0.29864,-0.12104,0.58339,-0.10714,-0.043259,1.3986,-0.14513,-0.079568,0.32401,0.040894,-0.074157,1.8691,-0.04155,-0.24312,-0.040278,0.50783,0.10557,0.10316,-0.033195,-0.34859,0.33487
-0.15889,-0.50443,-0.038188,-0.30055,-0.41701,-0.85647,-0.5309,-0.40571,-0.18098,-0.93016,-0.27831,-0.17053,-0.083107,-0.434,-0.54025,-0.40316,0.34543,-0.28686,0.41058,-0.96765,-0.48901,-0.18628,0.53672,-0.55977,-0.46965,0.057955,-0.26672,0.0154,-0.45041,-0.57754,-0.45008,-0.24786,-1.0722,-0.069643,-0.88143,0.42395,0.44665,-0.28094,-0.18792,-0.39353,0.054628,-0.17598,-0.0229,0.013744,-0.16837,0.18566,-0.41732,-0.06712,-0.40628,0.025772,0.33782,0.030511,0.083239,0.038545,-0.40266,0.76403,-0.1248,0.43891,-0.024954,-0.34651,0.43508
-0.034978,-0.68089,0.14822,-0.2332,-0.60849,-0.93331,-0.40502,-0.49398,-0.063248,-1.218,-0.46912,0.64741,-0.13542,-0.60497,-0.28104,-0.47059,0.34297,-0.34709,1.2549,-0.69231,-0.44628,-0.069811,3.1093,-0.3761,-0.73613,0.67256,-0.3301,0.32888,-0.73614,-0.30227,-0.42497,-0.36644,-1.248,0.63925,-0.57968,1.6588,1.5824,-0.28277,-0.43498,-0.31582,0.05584,-0.19914,1.5178,0.030408,0.18009,1.1093,0.058031,-0.0063475,0.044573,-0.1605,-0.54986,-0.24462,-0.0094662,0.088053,-0.22168,0.63346,0.10172,0.85333,0.22327,-0.052357,0.42887
0.37036,-0.12354,-0.061277,-0.3044,-0.58105,-0.97217,-0.54896,-0.50355,-0.13345,-0.62262,-0.068192,-0.061292,-0.25888,-0.53794,-0.23309,-0.42401,0.38158,-0.34192,0.16864,0.32017,-0.31525,-0.074738,1.4928,-0.53201,-0.87906,0.01959,-0.44192,0.70141,-0.18411,1.1279,-0.34724,-0.28664,-0.75335,0.31648,-1.0469,0.22445,0.81047,-0.18568,-0.22716,-0.5389,-0.46525,-0.12475,0.3099,-0.031354,-0.16356,0.15089,0.098786,-0.21709,0.024634,-0.18222,-0.6016,0.12129,-0.15544,0.12102,-0.24491,0.33685,0.13278,1.2782,0.59864,-0.30831,0.19632
0.57193,-1.1467,-0.021465,-0.20472,-0.44226,-0.39366,-0.48108,-0.35901,-0.15595,-1.157,-0.80672,0.45516,-0.30044,-0.52825,-0.65348,-0.4145,-0.13871,-0.5109,0.43183,-0.15621,-0.25024,-0.23363,2.5505,-0.38837,-0.74333,1.0603,-0.26424,0.60921,-0.51408,0.13202,-0.68523,-0.054805,-0.66268,0.57687,-0.55057,1.4637,1.9471,0.05721,-0.53666,-0.26421,-0.41667,-0.2203,0.59622,0.15972,-0.19175,0.52524,-0.29414,-0.048558,0.85864,-0.41213,-0.13493,-0.54168,-0.080315,0.12753,-0.6086,0.98635,-0.3617,1.3892,-0.17255,-0.45235,0.045652
-0.068947,0.14444,0.30059,-0.56139,-1.564,-0.90168,-0.73207,-1.2679,-0.49935,-0.91058,0.77433,-0.20238,-0.24214,-0.85639,-0.67317,0.41138,0.93698,-0.5322,-0.35777,-1.9049,-0.5299,-0.42653,0.083482,0.63334,-0.9794,-0.81762,0.036241,0.87332,-1.7443,-2.2103,0.64036,0.10383,-1.1829,0.97206,-0.028843,1.2671,0.38935,-0.82483,-0.39815,-0.81301,-0.41995,0.080839,-0.47604,-0.0047586,-0.64554,0.036734,-0.81648,0.18385,-1.018,-0.22214,-0.81752,-0.58335,-0.36415,-0.093689,-0.11428,0.6145,-1.1852,1.433,1.0223,1.2451,2.2909
-0.16895,2.7985,0.58328,-0.69556,-1.2645,-0.48296,-0.70086,-1.848,-0.40103,0.28686,2.7141,-0.20757,-0.22546,-0.79504,0.16152,0.74468,0.61967,-0.66392,-1.1253,-1.0585,-0.8462,-0.36449,0.86971,0.67428,-0.97131,0.65006,0.96471,2.546,-1.7268,-1.0097,2.386,-0.06685,-0.70922,0.38279,0.12959,0.65684,0.5173,-0.73578,0.056831,-0.76192,0.32343,0.48629,-0.066621,0.27558,-0.84744,0.60022,-0.89352,0.017225,0.2375,-0.17428,-0.05877,-0.56206,-0.37222,-0.019922,-0.091744,0.21084,-0.83176,0.71277,0.71315,1.8187,1.3366
-0.49443,1.9901,0.37058,-0.96998,-0.28612,0.81838,-0.43108,-1.4067,-0.21754,-0.20215,1.842,0.53542,-0.99439,-0.95322,0.58412,0.28873,0.25477,-0.48349,0.11871,-0.33311,-0.70939,-0.23298,1.3148,0.11415,-0.46329,0.56757,0.27308,1.1169,-0.98279,-0.013719,1.6076,-0.17306,-0.12286,0.1818,-0.19786,0.70315,-0.0016392,-0.76025,-0.062958,0.19358,0.020484,0.51019,1.1636,0.22815,-0.53348,0.7493,0.46998,0.054919,0.56427,-0.1122,-0.96052,0.18958,-0.4522,-0.17758,-0.36697,-0.064465,-0.64012,0.082208,0.27395,1.4006,0.23716
-0.51429,1.978,0.018336,-0.96704,-0.10676,0.42769,-0.55298,-1.0943,-0.035819,0.024861,1.4396,0.17137,-0.87695,-0.92659,0.29749,0.26246,0.69182,-0.25093,-0.16905,0.018256,-0.55915,-0.34462,2.6655,0.10443,-0.29202,0.39177,0.32803,0.54283,-0.72565,0.78606,1.0732,-0.15513,-0.29706,0.1004,-0.18792,0.33145,-0.38009,-0.68047,-0.11832,0.005449,-0.39244,0.40521,1.9006,0.010711,-0.36766,1.4959,-0.16422,0.019761,1.759,-0.18873,-2.2118,1.3375,-0.34124,0.17132,-0.39429,-0.42359,-1.3327,0.16882,0.7496,1.2134,0.53873
-0.33828,0.78773,-0.1275,-0.62339,-0.33266,0.054853,-0.50286,-0.50726,-0.048313,-0.72081,0.87055,0.015172,-0.13023,-0.44648,-0.19379,0.18178,0.71262,-0.40369,-0.14479,-0.34312,-0.44325,-0.32326,1.4225,-0.2302,-0.10272,0.4579,0.16679,0.1336,-0.79018,-0.63839,0.10256,-0.25462,-0.42172,-0.039126,-0.2952,0.30636,0.37598,-0.16998,-0.46241,0.048224,-0.11205,0.17252,1.0507,-0.058611,-0.36204,0.28985,0.16788,-0.0095059,0.73764,-0.28814,0.44457,0.87158,-0.25865,0.15752,-0.53415,0.073557,-0.175,-0.10883,1.1461,0.5192,0.6097
-0.22823,0.13829,-0.092066,-0.57262,-0.49318,-0.052501,-0.56243,-0.82239,-0.29734,-1.2888,0.48772,0.29557,0.15122,-0.031647,-0.41019,0.13842,0.76734,-0.56216,0.077545,-1.0175,-0.51679,-0.32117,0.82976,-0.48304,-0.34503,0.068596,-0.13878,-1.1503,-1.0094,-1.7091,-0.26651,0.067498,-0.41277,0.20122,-0.30325,0.13041,0.5618,-0.35203,-0.67011,-0.23137,-0.68473,0.0063066,-0.057088,-0.17414,-0.2288,0.22523,-0.4118,0.15835,-0.16401,-0.067459,0.14086,0.93135,-0.33863,-0.20993,-0.69739,0.32909,-0.85517,-0.0089501,1.1611,0.61708,1.3322
-0.29982,0.034715,-0.35492,-0.50773,-0.41611,0.11756,-0.5792,-0.93831,-0.28964,-1.0321,0.33587,0.13806,0.12252,0.32174,-0.3999,0.048036,1.0919,-0.3813,-0.65927,-1.0172,-0.18726,-0.27904,-0.17921,-0.2282,-0.20578,-0.20407,-0.66906,-0.79646,-0.9307,-1.9806,-0.62756,-0.0034611,-0.052648,-0.22758,-0.59141,0.34799,0.00045241,-0.41466,-0.45299,-0.36528,0.14393,-0.12262,0.042721,-0.36105,-0.25316,0.095578,1.1619,0.0039252,0.036994,-0.37802,0.5323,0.15096,-0.1705,-0.18268,-0.73737,-0.086999,-0.81492,0.079994,0.55822,0.7367,1.5782
0.05008,-0.10019,0.15274,-0.28379,-0.81259,-0.3174,-0.60712,-0.37774,-0.23076,-0.86642,0.11328,-0.29729,1.056,0.76431,-0.53758,0.18322,0.76,-0.36532,-0.75094,-0.56734,-0.2646,-0.35439,-0.81129,-0.056312,0.062488,-0.25661,-0.41903,-0.34807,-0.7449,-1.5166,-1.003,-0.10683,-0.60915,-0.18448,-0.66509,0.054544,-0.071049,-0.43931,-0.45868,-0.29186,0.13987,-0.17985,-0.062012,-0.18928,-0.37517,-0.35936,1.564,-0.059102,-0.54897,-0.1482,1.1198,-0.072739,-0.30311,-0.10162,-0.54285,0.69668,0.1814,0.11724,0.53849,0.054765,1.4155
-0.27237,0.46913,0.17587,-0.62597,-0.89411,-0.55428,-0.51855,-0.47228,-0.27106,-0.32916,0.39629,-0.074247,0.4968,-0.234,-0.097661,-0.026192,0.41381,-0.35594,-0.78701,-0.10223,-0.33509,-0.15859,-0.35644,0.12352,0.037141,-0.39145,-0.075347,-0.28828,-0.54782,-0.18732,-0.56203,-0.28841,-0.34246,-0.19721,0.042854,-0.4205,0.28175,-0.058229,-0.49568,-0.32113,-0.39766,-0.18206,0.73522,0.11817,0.20149,0.60952,0.65498,-0.080804,-0.048383,-0.077507,0.91476,0.41595,-0.35907,-0.015716,-0.4686,-0.52821,0.27559,0.21015,0.16918,-0.032317,0.46265
-0.037828,0.36643,0.22876,0.038604,-0.89235,-0.48853,-0.52029,-0.61101,-0.26244,0.41497,0.47248,-0.23739,0.13028,-0.27234,-0.36658,-0.033993,0.36951,-0.28496,-0.88318,0.35782,-0.39451,-0.093189,0.33089,0.27172,0.0086254,0.9535,0.74198,-0.43266,-0.4699,0.11079,-0.5383,-0.35542,-0.27792,-0.24918,-0.098988,0.10502,1.2309,-0.010775,-0.52707,-0.18723,0.044421,-0.19599,1.1592,0.26564,-0.099357,1.5727,0.26369,-0.10176,1.0218,-0.26402,1.8948,0.14083,-0.3439,0.048352,-0.39441,-0.085345,0.89448,0.11646,0.12853,0.34233,0.32446
0.0542,0.66001,0.28342,-0.53601,-0.74635,-0.51935,-0.46534,-0.38192,-0.25884,1.1087,0.17125,-0.42008,0.1418,-0.28196,0.0084923,-0.11893,-0.12794,-0.16049,-0.71955,0.2488,-0.20255,-0.027084,0.5085,0.43469,0.326,0.8662,0.28169,-0.69572,0.04708,0.66242,-0.045299,-0.45397,-0.4158,0.10037,-0.16812,0.066008,0.92522,0.20776,-0.30611,-0.17564,0.34092,-0.16858,1.265,0.33226,-0.12436,2.0918,0.51055,-0.16024,2.0829,-0.40316,1.0433,0.29608,-0.1925,-0.075384,-0.22214,-0.34989,0.80839,0.1137,0.6764,0.45238,-0.15741
-0.55431,3.6468,-0.32964,5.085,-1.0986,-0.77223,-0.44541,-0.29223,-0.39434,5.5474,0.91237,-1.3734,1.8606,-0.17631,0.40163,-0.27799,-0.069832,-0.23988,-1.3319,-1.0279,-0.57715,-0.33153,-1.2181,-0.073065,-0.57558,-1.8988,-1.5267,0.20647,-0.21572,-0.75705,-0.61629,-0.26148,-0.34408,-0.0063637,-0.1634,-0.65474,-0.44902,0.11109,-0.31225,-0.26763,-1.1037,-0.25249,0.63712,0.49468,0.34799,-0.10229,1.0268,-0.17458,-0.36494,-0.62294,-1.0779,2.0865,-0.11151,-0.63454,-0.31158,-1.2244,-0.78226,-0.0050284,1.6122,-0.12548,0.26424
-0.60172,3.1687,-0.48665,5.6938,-1.0709,0.17942,-0.52675,-0.74822,-0.36647,4.3686,1.1143,-0.89533,0.4835,-0.25095,0.18596,-0.2319,-0.15387,-0.20672,-1.024,-0.58847,-0.58818,-0.35206,0.071297,-0.80719,-0.51897,-1.0053,-1.0525,0.36782,-0.40022,-0.48248,-0.91702,-0.26759,-0.4547,-0.62953,0.085888,-0.3246,-0.068169,-0.41063,-0.37472,-0.32212,-0.62125,-0.35478,1.0954,0.28957,0.60992,-0.019555,0.89819,-0.15247,0.89852,-0.6088,-0.60817,1.0753,-0.18056,-0.38844,-0.69511,-0.5824,-0.60047,0.43601,0.29249,-0.1406,0.71153
0.045417,1.7104,0.25987,3.3598,-1.1967,-0.16774,-0.41962,-0.28262,-0.7184,4.9817,-0.79643,-0.43101,-0.08385,0.046687,-0.69625,-0.3808,-0.51509,-0.15253,-0.99663,0.73716,-0.20956,-0.58483,0.3585,0.22971,0.5097,1.0275,0.86257,-0.076395,-0.093006,0.71339,-0.12183,-0.29321,-0.047998,0.19758,0.69633,-0.01473,-0.24035,-0.97557,-0.032036,-0.3239,-0.52401,-0.29723,1.4103,0.29437,0.57494,2.2136,0.30509,-0.063558,2.1624,-0.72585,-1.2424,-0.35794,-0.036088,-0.49314,0.092605,-0.17453,-0.63804,0.44221,0.40503,0.57847,-0.033865
-0.16958,5.6028,1.5397,2.9112,-1.169,0.11856,-0.69302,-1.0529,-0.80145,7.0665,3.6981,-1.3981,1.4608,3.1005,2.2342,0.2209,-0.59775,-0.37583,-1.7918,0.50361,-0.29804,-0.37482,0.079426,0.7729,-0.077819,1.6547,-1.4037,0.64876,-0.78884,0.71112,0.90046,-0.23222,0.22014,0.084503,0.29342,-0.30991,0.46871,0.42115,0.76824,-0.97643,0.99917,-0.19906,-0.71621,-0.40225,0.31746,0.094892,-0.41459,-0.052661,1.4621,-0.47559,1.7896,1.0573,-0.18842,-0.85473,1.1766,-1.0525,0.35275,0.24867,1.0571,1.1463,-0.33557
-0.44793,5.7733,0.85199,1.4382,-0.81375,0.48147,-0.70666,-1.3641,-0.44929,3.5557,5.0955,-0.42867,0.99141,2.5937,1.019,0.090423,0.14851,-0.37023,-1.0431,-0.75589,-0.23677,-0.19039,-0.35712,0.01138,-0.49713,-0.098117,-1.7805,1.5424,-1.193,-1.1815,1.5489,-0.47309,0.16533,0.11154,0.24015,-0.27861,-0.00090958,2.094,-0.19437,-0.70117,0.16555,-0.31976,0.63071,-0.32115,0.40586,-0.2706,1.3628,-0.28178,0.325,-0.40206,1.7869,1.8122,-0.35743,-0.39503,-0.50631,-0.90595,-0.9151,0.39194,1.6259,0.79187,0.42186
-0.23351,3.989,0.50358,0.81478,-0.19229,0.89055,-0.64773,-1.1259,-0.50141,3.033,2.1828,-0.059797,-0.093261,1.4971,-0.21287,-0.35832,-0.267,-0.1982,-0.2767,1.2206,-0.39579,-0.98889,-0.049923,-0.47095,-0.17316,0.37734,-0.2357,2.4735,-0.83446,1.3201,1.7485,-0.20164,0.1051,0.047036,0.27325,-0.84428,-0.13545,-0.017268,-0.10444,-0.41706,-1.0404,-0.31715,1.2543,0.1189,0.26382,0.68465,0.41303,-0.2364,1.1958,-0.35582,-1.4827,1.1483,-0.19352,-0.30565,-0.50073,-0.85838,-1.2812,0.10281,-0.19692,0.85669,0.73306
-0.5208,3.1631,0.20606,1.1049,-0.22284,0.63632,-0.72581,-0.86615,-0.37155,2.0406,1.761,-0.29417,0.056975,1.1351,0.070845,-0.38296,-0.23043,-0.20646,-0.15575,0.1958,-0.4286,-0.80501,-0.021033,-0.42312,-0.33508,0.45404,-0.70024,1.5373,-1.1417,0.098445,1.2717,-0.38028,0.25366,-0.51869,0.60099,-1.0806,3.28,0.35133,-0.33381,-0.1943,-0.52104,-0.38665,1.2223,-0.035732,0.1856,-0.099373,0.80177,-0.22432,0.76321,-0.23414,0.6997,2.4256,-0.045113,-0.36285,-0.7153,-0.3834,0.22371,-0.08406,0.00031034,0.71832,0.69984
-0.51456,3.2736,0.37296,0.72385,-0.48922,0.082722,-0.57435,-0.93392,-0.51259,1.7226,3.4287,-0.17881,1.0715,1.5738,0.14338,-0.50831,-0.49297,-0.32854,-0.15527,-0.22769,-0.3084,-0.23959,0.088293,-0.29602,-0.13263,-0.3471,-0.42467,1.1837,-1.3111,-0.34934,0.94459,-0.45803,0.17019,-0.3346,0.30065,-0.33103,1.5879,1.6708,-0.55361,-0.18612,0.096461,-0.31266,0.24825,-0.066846,0.23465,-0.49631,1.5405,-0.13961,0.3073,-0.43836,-0.047555,2.3935,-0.36157,-0.53944,0.0024335,-0.36597,0.40099,-0.096942,1.315,0.46864,0.11536
-0.4748,3.3413,0.25546,0.45839,-0.18612,0.36495,-0.64966,-0.87504,-0.22113,2.5963,3.4193,-0.070006,0.55546,1.5857,0.38989,-0.55263,-0.20925,-0.45445,-0.45196,0.27161,-0.051124,-0.15381,0.93465,-0.6272,-0.27207,1.6038,-0.21431,0.59715,-1.1871,0.64705,0.47233,-0.27794,0.42867,-0.97029,0.55396,-0.384,2.3606,0.67855,-0.4885,-0.2642,0.69314,-0.40994,0.57032,-0.18339,-0.064298,0.095863,0.46496,-0.29915,1.1555,-0.31161,4.0175,1.6873,-0.24996,-0.039401,-0.16897,-0.52406,0.065696,0.014214,-1.8057,-0.034287,-0.043568
-0.32922,2.4993,0.39634,0.30573,-0.60495,0.11849,-0.55412,-0.75055,-0.52303,2.4759,2.5224,0.11413,0.86723,0.66896,0.60141,-0.50077,-0.31029,-0.31228,0.087732,0.42637,-0.26914,-0.15196,0.50386,-0.4674,-0.3568,1.0398,-0.19106,-0.18756,-0.49405,0.63437,0.19192,-0.39566,0.17936,-0.33449,0.40399,-0.17797,1.4734,0.12372,-0.4806,-0.21768,0.35383,-0.36244,0.8817,-0.1715,-0.24912,0.66967,0.44227,0.62468,0.53331,-0.885,2.9797,1.4098,-0.27398,-0.53583,-0.096736,0.53024,-0.047362,-0.15277,-0.55466,0.14745,0.33518
-0.38644,1.9672,0.1846,0.11354,-0.77514,-0.21238,-0.5634,-0.381,-0.3517,1.7916,2.1554,-0.10907,1.8012,0.87592,0.49883,-0.36739,-0.86436,-0.30748,0.06244,0.49493,-0.17155,-0.19133,0.42779,-0.45113,-0.11802,0.006524,-0.39658,-0.18625,-0.39621,0.1836,-0.018079,-0.41656,0.27536,-0.13951,0.089583,-0.32753,0.83503,0.43575,-0.50237,-0.11947,0.63944,-0.23305,0.72655,-0.10901,-0.20527,-0.15893,0.71312,0.29613,0.50901,-0.75307,1.7073,1.4787,-0.11344,-0.46428,0.095602,0.88239,0.89061,-0.35033,-0.50163,0.15844,-0.30213
-0.67094,1.7641,0.18222,-0.063583,-0.71755,-0.50206,-0.48606,-0.18369,-0.17998,1.1259,1.474,-0.26165,0.83487,0.23021,0.12413,-0.46002,0.017258,-0.17023,-0.046996,-0.35031,-0.4043,-0.23008,-0.31148,-0.64426,-0.29933,-1.3129,-1.7401,-0.085699,-0.34665,-0.028763,-0.66826,-0.29986,-0.29907,-0.37771,-0.17863,-0.48396,0.36201,0.81541,-0.084087,-0.13968,1.3393,-0.25931,0.016377,0.30964,-0.03471,-0.21905,1.2647,-0.22705,-0.3563,0.2023,2.3389,1.4502,-0.25091,0.59914,0.66733,0.094985,0.79222,-0.51848,0.68503,0.35005,0.26428
-0.41351,1.5688,-0.050155,0.0081751,-0.63228,-0.39576,-0.33164,-0.17798,-0.062179,1.3138,1.3411,-0.11461,-0.084497,-0.1832,0.42089,-0.40346,-0.10871,-0.18165,-0.12913,0.77543,-0.23639,0.2523,0.19688,-0.33294,-0.59916,-1.0586,-1.3814,-0.26858,-0.36088,1.0132,-0.51361,-0.25404,-0.69082,0.74735,-0.07338,-0.14096,0.011724,0.057574,-0.48548,-0.017583,1.1491,-0.32011,0.11523,0.40901,-0.1208,0.26954,0.606,-0.19101,0.44109,-0.049144,0.93792,0.97936,-0.18774,0.73066,0.13981,-0.2149,1.5543,-0.60004,0.49757,0.11989,0.17792
-0.00044925,1.4824,0.20987,0.41482,2.7143,-0.69041,-0.46298,-0.62063,-0.44297,0.99293,1.2943,0.48523,0.59487,0.050687,0.76083,-0.63674,0.34222,-0.4077,0.14339,0.075816,-0.62002,0.29765,0.0054082,-0.28295,-0.70264,0.24946,0.15092,-0.51571,-0.44611,0.36307,-0.055167,-0.11144,-0.3425,0.5197,-0.26219,-0.12702,0.54264,-0.29927,-0.80921,-0.12522,1.1703,-0.33932,0.39351,-0.20874,-0.075297,-0.15157,1.3406,-0.2613,-0.013535,-0.15761,1.177,0.75363,-0.16934,-0.14781,-0.28125,-0.92973,2.7176,-0.25647,1.5541,-0.20381,0.27974
-0.60334,0.8804,-0.13357,-0.40878,3.2099,-0.73099,-0.60516,-0.17771,-0.43111,0.69987,0.63312,0.1651,1.8584,0.13292,-0.012448,-0.53242,0.010495,-0.38203,-0.5501,0.50419,-0.28107,-0.10119,-0.33676,-0.64215,-0.30991,0.75433,0.60042,-0.4107,-0.88697,0.2063,-0.16792,-0.15833,0.094815,-0.12527,-0.018009,-0.54783,0.53522,0.6294,-0.66485,-0.29377,0.08899,-0.28069,0.29001,-0.21888,0.22536,-0.37269,1.1203,-0.13081,0.29903,-0.094621,0.69408,0.65849,0.071363,-0.16081,-0.13719,-0.54208,1.725,-0.27532,-0.020496,-0.2937,-0.60633
1.1563,0.18899,-0.078408,2.0561,2.3736,-0.39312,-0.63745,-0.028899,-0.51494,-0.19842,-0.10663,0.34388,0.84696,0.035652,0.20436,-0.42442,0.29566,-0.2471,0.37793,-0.89688,-0.36376,-0.39879,-2.2508,-0.62067,-0.12028,-0.56155,-0.66918,-0.39922,-0.32745,-1.1597,-0.40938,-0.24669,-0.2162,0.43801,-0.34155,-0.027972,-0.25068,-0.17438,-0.7394,-0.30818,2.1737,-0.31844,-0.62204,-0.26881,-0.52768,-0.52444,1.5245,-0.23076,-2.0157,-0.39912,0.82752,0.67571,-0.073902,-0.39843,-0.62881,-0.092842,2.5009,-0.35495,1.7261,0.039629,0.92714
7.0601,-0.00080278,-0.32849,4.0113,2.6608,-0.29994,-0.71848,-0.73496,-0.46506,-0.39732,-0.88019,-0.021906,1.0617,0.00027709,-0.033166,-0.2794,0.43107,-0.15616,0.79748,-1.2076,-0.98765,-0.82343,-2.5209,-0.69566,-0.29559,-0.49662,-0.41503,0.77,-0.56485,-0.87053,0.10137,-0.24937,-0.25869,-0.0037221,-0.14957,-0.93217,-0.25687,0.22951,-0.55945,-0.59863,2.1414,-0.09228,-0.49993,-0.59296,-0.29012,-0.88639,2.1985,-0.20494,-2.202,-0.23085,3.079,0.70198,-0.067927,-0.56619,-0.56031,-0.24389,0.14153,0.26996,2.2307,0.83169,1.6936
4.7359,0.57448,-0.54585,1.7614,1.8456,-0.73472,-0.60888,-1.0199,-0.53451,-0.53341,-0.12311,0.28444,1.5127,-0.010632,-0.50874,-0.15233,0.1675,-0.17211,0.33422,-0.66035,-0.64771,-0.39999,-2.0874,-0.48528,-0.55227,0.84877,0.33467,1.1493,-0.93574,-0.46968,1.0934,-0.16951,0.36364,-0.41779,0.33446,-0.79613,0.28913,0.72742,-0.23695,-0.5356,0.75342,-0.13326,0.76823,-0.37395,0.43074,-0.29534,1.1736,-0.21727,-1.3315,0.12494,3.7164,1.7602,0.078692,-0.43123,-0.81079,-0.19525,1.2644,0.043927,0.81416,0.30487,1.2485
3.1709,-0.14907,-0.52141,1.3998,1.3746,0.076903,-0.63356,-0.63022,-0.62428,-0.76169,-0.43249,0.19862,0.48475,0.11794,-0.50342,-0.30367,-0.18186,-0.22622,-0.24289,-0.63582,-0.65607,-0.4971,-2.3556,-0.43417,-0.26812,-0.15249,-0.35372,1.5449,-1.2314,-1.0497,0.91528,-0.16743,0.37203,-0.25321,-0.071717,-0.91318,-0.10838,-0.069873,-0.54117,-0.63284,1.1964,-0.24596,0.14007,-0.15259,-0.38279,-0.82362,1.508,-0.15423,-1.4482,0.19307,1.8098,1.6187,-0.16193,-0.65497,-0.71554,-0.41002,0.52381,0.29811,1.3567,-0.25047,1.078
2.1686,1.6218,-0.35089,1.3844,0.49222,0.0087872,-0.46246,-1.0441,-0.63549,-0.32852,1.1517,0.58663,0.13767,-0.047556,-0.45742,-0.62056,-0.1823,-0.25849,-0.0013196,-0.64274,-0.28012,-0.20537,-0.34051,0.29002,-0.34679,0.46989,0.7073,1.0995,-1.0339,-0.97526,1.2632,-0.56564,0.17713,-0.29179,-0.1355,0.18994,-0.17202,2.7079,-0.50307,-0.55364,1.1824,-0.4126,1.0512,0.11081,-0.27121,1.127,0.65613,-0.25032,-0.10833,0.075622,0.82308,2.1445,-0.32775,-0.59185,-0.47,-0.21334,-0.19008,-0.27187,0.608,0.19655,0.36557
2.1657,2.5896,0.17571,0.9304,0.25625,-0.52466,-0.70059,0.23133,-0.55917,0.18378,1.5418,0.12272,0.44371,0.3607,-0.13027,-0.80145,-0.49252,-0.23418,0.20811,0.092685,0.051521,-0.27103,-0.1441,0.039315,-0.67089,-0.36989,-0.081214,0.82802,-0.35567,0.73298,1.126,-0.14298,-0.89166,0.28447,-0.54256,-0.39472,-0.55533,1.2762,-0.27112,0.13873,1.2004,-0.20012,1.0064,0.27783,0.37164,1.7332,0.40817,-0.19338,0.081723,-0.57391,-0.13827,1.2776,-0.3407,-0.3461,0.2974,-0.63354,0.526,-0.034311,0.99384,0.23044,-0.029243
1.415,1.4029,1.3382,0.25506,0.066299,-0.67785,-0.3141,4.0641,-0.54083,-0.25472,0.66494,-0.77492,0.58161,0.69616,-0.7467,-0.63824,-0.78305,-0.36048,-0.41146,-0.27292,-0.020206,-0.49486,-1.9867,-1.046,-0.48255,-1.0062,-0.8281,1.262,-0.46571,0.13624,0.74763,0.0073432,0.13049,-0.6409,-0.47876,-0.691,-0.61382,1.3859,-0.26813,0.32786,1.2699,-0.026596,-0.10337,0.38164,0.15219,-0.26687,1.3492,-0.38705,-1.2793,-0.28669,0.62052,1.164,-0.25828,-0.37103,0.019062,-0.97046,0.58546,0.51881,-0.68281,-0.16314,-0.38425
1.0831,1.1252,1.0727,0.20227,-0.029561,-0.7184,0.2168,2.4489,-0.40747,-0.61144,0.58224,-0.61653,-0.39448,0.072442,-0.56393,-0.45034,-0.69752,-0.41929,-0.29469,-1.0917,-0.31364,-0.42675,-0.97085,-0.68447,-0.73514,-0.86868,-0.58013,0.41273,0.047924,-0.62054,0.4025,-0.2438,0.43597,-1.0371,-0.27865,-0.24035,-0.88102,1.6099,-0.37547,0.26953,1.2854,-0.1428,0.6227,0.34668,0.071788,-0.036798,1.5171,0.8327,-1.1677,-1.1039,0.86039,2.6103,-0.27534,-0.27459,-0.53383,-0.36587,1.4472,-0.081786,-0.098495,0.032348,0.094906
0.4045,0.70263,0.87475,0.082625,-0.60088,-1.1217,0.12185,2.0164,-0.66641,-0.66639,0.040396,-0.38989,-0.13292,0.17486,-0.69583,-0.5427,-0.54877,-0.2038,-0.23367,-0.67335,-0.33849,-0.59278,0.27645,-0.84163,-0.58707,-1.8371,-1.2536,0.48108,0.034764,-0.28472,-0.1587,-0.25723,0.051476,-0.54362,-0.69304,-0.30636,-1.28,0.79134,-0.4002,0.19967,0.12908,-0.097111,-0.1081,0.33236,0.74222,0.49951,0.3692,0.54256,-0.12944,-0.32211,-2.1544,2.1089,-0.2523,-0.77034,0.22637,-0.95294,-0.69993,-0.5427,0.14541,-0.080968,-0.17505
0.098443,1.1883,0.93745,0.0638,-0.36085,-0.77137,-0.092229,1.104,-0.56927,-0.43218,1.9983,0.41474,-0.4745,0.25937,-0.39386,-0.46627,-0.17191,-0.39332,0.24018,-0.65405,-0.39023,1.2237,1.4714,-0.2908,-0.70976,-1.1707,-0.74033,0.14836,-0.60441,-1.0536,-0.66223,-0.46714,0.08234,0.43177,-0.50266,0.12546,-1.2693,0.45292,-0.81503,0.096062,-0.088914,0.61892,0.077562,-0.054405,1.1817,1.2368,0.369,-0.12438,1.0492,-0.50316,-2.0229,0.76986,-0.079788,-0.6143,-0.17556,-0.46778,-0.89791,-0.33249,2.313,-0.46081,-0.10025
0.26749,0.77706,0.35212,-0.051504,0.48604,-0.59355,-0.15332,0.44765,-0.26754,-0.51964,1.8858,-0.4218,-0.39036,1.2036,-0.57106,-0.74344,0.052588,-0.60575,-0.36573,0.21129,-0.39751,1.3624,2.5801,0.09221,-0.098166,0.097959,-0.58716,0.2578,-0.56843,-0.16635,-0.6781,-0.54457,0.25199,2.119,-0.75303,-0.63374,-0.11098,0.13887,-0.57663,0.073642,-0.67427,0.39671,0.25147,0.07577,0.70122,1.2875,0.91482,0.0091758,1.8037,-0.21216,-0.62449,0.71318,-0.33346,-0.30231,0.14059,-0.98463,-0.92193,-0.28477,-0.18091,-0.46938,-0.17208
0.10952,0.78974,-0.016879,-0.15202,0.46712,-0.66092,-0.16032,0.278,-0.23961,-0.40792,1.4653,-0.72593,-0.33114,1.5238,-0.64461,-0.65404,-0.080309,-0.27648,-0.33052,0.70068,-0.34021,0.91221,1.8793,-0.35706,-0.019521,0.38002,-0.41464,0.41188,0.020206,1.0883,-0.685,-0.29283,-0.066111,0.83773,-1.125,-0.95348,-0.099979,0.035354,-0.36358,0.058907,-0.90533,0.22829,0.46905,0.30158,0.64232,1.7634,0.26087,-0.17116,1.9357,0.36668,-1.1707,0.43826,-0.32265,-0.18912,0.51531,-1.369,-0.97334,-0.3488,-0.65421,-0.53336,-0.039561
-0.3188,0.45283,-0.22055,-0.30101,0.2841,-0.50467,-0.27582,0.35622,-0.26556,-0.53029,1.207,-0.060973,-0.1278,0.88592,-0.47154,-0.59219,-0.047244,-0.32209,-0.30161,0.52508,-0.40393,0.8412,-0.44626,-0.68481,-0.40587,0.2161,-0.33082,-0.40866,-0.12809,0.52644,-0.8581,-0.14891,-0.37648,1.4632,-0.85989,-0.66317,-0.15223,-0.37772,-0.97036,-0.18822,-1.119,0.05393,0.38049,0.18062,0.4086,1.6043,0.1456,-0.016155,-0.022079,-0.19298,-0.90451,-0.84373,-0.1827,-0.23567,-0.49884,-0.29974,-0.98848,-0.035514,0.49031,-0.71566,0.02266
-0.31057,1.0455,-0.21223,-0.21097,-0.25434,-1.0665,-0.32596,0.29195,-0.44173,-0.70012,2.1827,-0.61101,-0.040287,0.69176,-0.728,-0.73065,-0.79954,-0.20076,-0.75103,-0.1114,-0.20618,0.35208,-0.42468,-0.23908,-0.46984,-0.25369,-0.42042,0.33753,-0.38988,0.16941,-0.14186,-0.31775,-0.2196,0.15435,-0.98308,-0.055842,-0.3938,1.8517,-0.72615,-0.10514,-0.096109,-0.065856,-0.014159,0.18059,0.29533,0.94932,-0.23539,-0.1231,-0.19574,-0.14792,-0.36943,0.85456,-0.18631,-0.44249,-0.43159,0.092624,-0.51567,0.064343,-0.572,0.25284,0.26756
-0.28946,2.0457,-0.17118,-0.32019,-0.48812,-1.1401,-0.30794,0.099046,-0.33725,0.81112,2.5014,-1.1255,-0.24777,0.14393,-0.38022,-0.82909,-0.82599,-0.23376,-0.96275,0.06712,-0.25837,0.35958,1.3758,0.43911,-0.51765,-0.16073,0.037283,0.019206,-0.18576,0.46877,-0.29616,-0.33561,0.019667,-0.12409,-0.84289,-0.035399,-0.72128,0.80345,-0.3947,0.082383,0.67251,-0.029062,0.26263,0.063114,-0.025951,2.0107,-0.21767,-0.12371,1.0583,-0.47069,-0.38502,0.85113,-0.3038,-0.14043,-0.3819,-0.18821,0.11539,-0.24331,-0.60269,0.36745,0.55982
-0.29001,0.61373,-0.23668,-0.088817,-0.35685,-1.0602,-0.40817,-0.028719,-0.086069,-0.32631,1.3355,-1.0375,-0.029618,0.086979,-0.13213,-0.44919,-0.42527,-0.33748,-0.83744,-0.19685,-0.52449,0.084652,-0.61327,0.21445,-0.1105,-0.51342,-0.49789,-0.97403,-0.15871,-0.79931,-0.59392,-0.15747,0.033656,0.2846,-1.0318,-0.0082588,-0.72234,0.66439,-0.50792,0.027909,0.75049,-0.069535,-0.25006,0.25403,0.12797,0.36756,-0.048228,-0.27064,-0.48893,-0.48136,0.28137,-0.24674,-0.25136,-0.032857,-0.5337,-0.13976,0.99318,0.045048,0.74467,-0.20994,-0.15556
-0.29338,0.51886,-0.28429,0.029029,-0.33481,-1.0214,-0.47632,0.12395,-0.018662,-0.50496,1.0154,-0.84805,0.15132,-0.071296,0.089805,-0.39177,-0.13047,-0.26342,-0.85271,-0.1941,-0.49754,0.079972,-0.47446,-0.028138,-0.18855,-0.96418,-1.1282,-0.74533,0.054849,-0.1195,-1.0112,-0.18033,-0.13948,0.05908,-0.87949,-0.15508,-0.67029,0.61225,-0.43433,-0.1273,0.6158,-0.081518,-0.16512,0.31655,0.12057,-0.0074984,0.13487,-0.24619,-0.42941,-0.32707,0.081959,0.44418,-0.15969,0.028419,-0.1132,-0.29681,1.0017,-0.39326,1.0761,-0.47646,0.019747
-0.10388,0.56431,0.25885,-0.19941,-0.76768,-1.3936,0.27374,-0.067324,-0.34791,-0.6881,1.0237,-0.17734,-0.23322,-0.18933,-0.39881,-0.58585,-0.50081,-0.32854,-0.27389,-0.9873,-0.4437,0.044288,-0.72489,-0.33025,-0.60479,-0.68435,-0.85294,-0.92013,-0.45161,-0.89035,-0.9857,-0.19692,-0.32969,0.044203,-0.98385,0.64646,-0.35151,0.3459,-0.80654,0.15504,0.57865,-0.11135,0.62222,0.25282,0.15269,1.2854,0.40099,-0.057341,-0.93585,-0.20979,0.60335,0.59455,-0.16701,-0.168,0.036896,-0.11013,0.52884,-0.3185,1.1473,-0.092231,0.55435
-0.15338,-0.05397,0.045678,-0.16713,-0.63468,-0.46378,0.77249,-0.18023,-0.56796,-0.88987,0.26715,-0.45295,0.23737,2.279,-0.60409,-0.11917,-0.57061,-0.12081,-0.43726,-0.59832,-0.319,-0.27362,-0.14403,-0.81277,-0.38005,-0.57393,-0.63725,0.0061376,-0.89905,-0.59695,0.06647,-0.19635,-0.85005,-0.40982,-1.2331,0.12639,-0.47291,-0.40606,-0.45405,-0.10642,0.27458,-0.19392,-1.0581,0.26657,-0.17739,1.6542,-0.65399,-0.11029,-0.18972,-0.17962,0.042409,-0.76447,-0.19033,-0.41273,1.097,-0.21678,0.38577,0.076103,-0.82284,0.39695,0.70309
-0.14157,-0.31426,-0.29537,0.2266,-0.82878,0.32628,0.33787,0.12032,-0.38296,-0.3759,-0.078509,-0.64839,-0.04945,2.1192,0.0078211,-0.040191,-0.11735,0.015008,-0.88953,-0.19226,-0.1621,-0.10869,0.34427,-0.59207,0.40453,-1.9283,-1.2322,0.25863,0.09515,-0.20442,-0.098361,-0.35491,-0.56324,-0.68615,-0.61751,-0.55206,-1.4799,-0.59669,-0.20857,-0.16625,0.086246,-0.45697,-1.334,0.64141,-0.1142,0.79551,-1.1851,-0.22715,0.29249,-0.27032,-2.0355,0.041869,-0.30321,-0.32374,0.44621,-0.97261,0.10586,-0.27169,-1.5106,0.55522,0.50042
-0.38922,0.30276,-0.076142,-0.31663,-1.321,-0.2666,0.30983,-0.057395,-0.3089,0.31046,-0.078117,-0.51881,-0.16665,1.2065,-0.39681,-0.25771,-0.2611,-0.074486,-0.34019,0.31963,-0.27782,-0.43889,0.28302,-0.40786,0.87592,-1.9715,-1.2318,-0.19404,0.37404,0.12207,-0.58188,-0.033861,-0.10358,0.11984,-0.33044,-0.60255,-1.1784,-0.37257,-0.1603,0.36182,-0.19939,-0.40143,-0.48935,0.52202,0.092853,1.1348,-0.84382,-0.2245,0.6161,0.22747,-1.7071,1.1792,-0.36046,-0.21985,0.53556,-0.56511,-0.40019,-0.34277,-0.21381,0.059262,-0.033907
-0.80499,0.62223,-0.19257,-0.60177,-1.2313,-0.45002,0.15805,0.15715,-0.37275,0.35084,0.25202,-0.63759,-0.54497,0.13557,0.18924,-0.41792,-0.38107,0.0043202,-0.098246,0.34005,-0.25928,-0.087535,1.1505,-0.27875,0.64597,-1.4167,-1.2903,-0.48576,0.92041,0.73662,-1.2455,-0.097978,-0.72387,-0.30918,-0.27419,-0.66228,-0.37179,-0.81942,0.14473,0.28694,0.27425,-0.44074,-0.96938,0.37002,-0.089089,0.60245,-1.3369,-0.28763,0.93992,-0.092499,-1.4556,1.1689,-0.3982,-0.46501,0.71994,-1.0318,0.14382,-0.18743,-0.85859,-0.45439,0.20391
-0.51104,-0.10839,0.27184,-0.37835,-1.2671,-0.54654,-0.051126,-0.022006,-0.20549,-0.78434,0.098117,-0.19173,-0.40372,0.2396,-0.41744,-0.22872,-0.32969,-0.24842,-0.19852,-0.78525,-0.50012,-0.15409,-0.35536,-0.64538,-0.079975,-0.95946,-1.4194,-1.266,0.0094827,-1.0915,-1.7556,0.31606,-0.62932,-0.079906,-1.1218,-0.22223,0.051438,-0.55752,-0.65457,0.13502,0.49572,-0.29374,-0.37293,-0.19688,-0.24352,0.51652,-0.27632,-0.11786,-0.46371,-0.12922,-0.11096,-0.52603,-0.24093,-0.030955,0.37044,-0.16628,0.10128,0.18459,-0.78104,-0.61629,0.2961
-0.22098,-0.13147,1.0399,-0.028141,0.99458,-0.94011,-0.27674,3.8623,-0.40897,-0.45115,-0.2675,-0.5465,0.53317,2.4012,-0.65306,-0.07421,-0.73236,-0.26806,-1.1723,0.0098153,0.12867,-0.4178,-0.769,-1.1172,-0.14633,0.042516,-0.81437,-0.19609,-0.87784,-0.62935,-0.84727,-0.16534,-0.47325,-0.56782,-0.8435,-0.9,-0.23834,-1.2839,-0.38499,-0.48942,0.71097,-0.27572,-0.78261,-0.18363,-0.28274,0.50438,-0.12099,-0.049913,0.19455,-0.28178,-0.08738,-0.14806,-0.15143,-0.3486,0.95995,-1.4088,0.46905,0.18399,-2.5419,-0.016844,-0.52031
-0.77464,-0.12513,1.2069,-0.31673,2.9827,-0.39094,-0.44961,3.1462,-0.61048,-0.11397,-0.50702,-0.57892,-0.033546,1.409,-0.80611,0.24261,-0.193,-0.20949,-1.3317,0.078706,-0.010455,-0.66426,-0.33197,-1.2151,-0.060775,0.39779,0.34225,0.11174,-0.78933,-0.3327,-0.35134,-0.19353,-0.42669,-0.47124,-0.57631,-0.97263,-0.34273,-1.0831,-0.32777,-0.6166,0.40427,-0.25047,-0.47719,-0.22052,-0.43084,0.35606,-0.10082,-0.20148,0.67867,-0.38682,0.24232,-0.65021,-0.2002,-0.75543,0.031107,-0.96831,0.68068,0.38302,-1.352,0.38925,0.2112
-0.85315,-0.65958,0.40832,-0.14497,4.6136,1.2167,-0.54755,1.7157,-0.52377,-0.63985,-0.68098,-0.80191,-0.20161,0.63381,-0.5389,0.33367,-0.55677,-0.078615,-0.091778,0.28956,-0.43475,-0.57151,-1.6453,-1.0454,-0.022434,1.2214,0.99807,-0.45001,-0.896,-0.41454,-0.15424,-0.28918,-0.070259,-0.79314,-0.55773,-1.2239,0.10427,-0.3767,-0.55373,-0.18614,0.41243,-0.17211,-0.80186,-0.094176,-0.52849,-0.96277,-0.13578,-0.11039,-0.050636,-0.41895,0.51384,-0.96132,-0.11497,-0.22852,-0.46186,-0.57394,1.3252,0.17805,-2.0356,0.69589,-0.12105
-0.56883,0.13743,0.37706,0.035696,3.3234,0.40882,-0.38542,1.6179,-0.48157,-0.085213,-0.072242,-0.97887,-0.40797,0.16465,0.37586,0.19899,0.11127,0.037585,1.3608,-0.87496,-0.22652,-0.19773,-1.2033,-0.45687,-0.58024,0.43908,-0.24921,-0.071829,-0.10936,-0.56562,-0.48625,-0.18392,-0.34062,-0.43012,0.31794,-1.055,0.1292,-0.27752,-0.48575,0.0085321,0.11092,-0.22407,-0.35414,-0.21631,0.04814,-0.17292,0.94383,-0.18568,-1.0862,0.11842,0.18326,1.16,-0.065855,-0.40395,-0.6146,-0.65435,2.1304,-0.39081,0.33416,-0.049173,0.68637
-0.35957,-0.13023,0.26628,0.19581,3.4108,0.066695,-0.47521,0.94717,-0.42276,-0.45097,-0.28277,-0.2489,-0.44406,-0.094001,0.062896,0.12453,-0.093213,0.015276,1.4784,-1.3695,-0.27559,-0.39541,-2.0806,-0.52077,-0.54323,-0.11454,-0.41419,-0.21377,-0.30887,-1.3928,-0.31008,-0.086419,-0.10856,-0.40253,0.0047853,-0.81449,-0.14844,-0.69893,-0.74099,-0.16164,0.59186,-0.13356,-0.20789,-0.35286,-0.24819,0.32162,1.213,-0.15242,-2.051,-0.1207,0.12555,0.70762,-0.21882,-0.53297,-0.54797,0.12349,0.65336,-0.14545,0.47988,0.032705,0.88527
-0.2943,-0.45369,-0.096566,0.18564,3.5082,0.38122,-0.50609,0.36702,-0.38674,-0.98444,-0.37632,-0.86384,-0.62922,0.15949,-0.14591,0.04513,0.27234,-0.29028,1.0123,-1.6577,-0.33587,-0.32163,-3.2411,-0.064905,-0.42461,0.18428,-0.0090068,-0.47222,-0.93656,-2.5439,-0.45032,-0.38232,-0.056017,-0.44043,-0.28489,0.29591,-0.14112,-0.97873,-0.85176,0.014135,1.4475,-0.21772,-0.20509,-0.27915,-0.58317,-0.37907,2.1246,-0.14732,-2.7292,-0.55437,-0.66243,0.98664,-0.23053,-0.30482,-0.75026,0.41194,2.0255,-0.29125,-0.038695,-0.15675,1.9184
-0.091006,-0.10062,-0.25638,-0.075283,4.6967,-0.20206,-0.49856,0.36168,-0.51018,-0.33166,-0.33059,-0.53222,-0.5067,-0.56612,-0.28958,-0.065662,0.13293,-0.23015,0.31708,-0.5584,-0.28682,-0.55861,-1.5653,-0.87869,-0.37661,0.070413,0.21918,0.25774,-0.60995,-0.69035,0.35067,-0.18914,-0.34438,0.0079671,-0.082753,-0.87096,-0.37354,-0.1631,-0.27908,-0.32534,0.0084038,-0.11617,-0.57217,-0.030399,-0.53224,-0.305,0.99529,-0.13315,-0.95207,-0.053762,-0.47443,0.99508,-0.2994,-0.53651,-0.016254,-0.27132,0.52178,-0.20259,1.1815,0.25422,0.93818
-0.12641,-0.042092,-0.26866,0.01666,5.3441,-0.3254,-0.59667,0.57835,-0.38187,0.16042,-0.5475,-0.56654,-0.62475,-0.6402,-0.13025,-0.11097,-0.58804,-0.092667,-0.2008,1.2157,-0.12636,-0.49342,-0.37794,-0.35394,-0.047313,0.856,0.53774,0.79477,-0.22562,0.82829,0.4287,-0.20737,-0.25764,-0.24109,0.27441,-0.61579,-0.37066,-0.28708,-0.15361,-0.39139,0.74088,0.015313,-0.36712,0.015125,-0.47657,0.32893,-0.37023,-0.1875,1.1014,-0.064967,-1.2004,0.27403,-0.23127,-0.25232,0.022386,-0.54304,0.28762,0.16966,-0.80524,-0.019747,-0.10987
-0.32837,0.30552,-0.43953,-0.25449,3.398,-0.56281,-0.39586,-0.38322,-0.42623,-0.39159,0.10652,1.4194,-0.90838,-1.1663,0.10124,-0.24814,0.16328,-0.2166,0.39288,-1.137,-0.60249,-0.15922,-0.78418,-0.391,-0.3036,-0.3773,-0.19455,0.34111,-0.48785,-0.51579,0.10236,-0.17808,-0.22084,-0.39453,-0.36969,-0.47746,-0.36618,-0.71293,-0.1347,-0.4719,0.41029,-0.1104,0.13808,-0.28468,-0.29771,1.4294,0.44319,-0.044278,-1.2508,-0.51367,-0.29522,-0.36671,-0.15427,-0.41035,-0.25191,-0.55979,0.13722,0.34686,0.39947,-0.39145,0.99759
-0.28271,-0.0025719,-0.59552,-0.4278,4.3796,-0.75512,-0.24198,-1.0137,-0.72712,-0.88748,-0.23258,4.2179,-0.69077,-0.49464,-0.35073,-0.43505,0.050061,-0.34897,1.1965,-0.47591,-0.80776,-0.11003,-0.90127,-0.1846,-0.35588,-0.34594,0.14817,1.0353,-0.7623,-0.097289,0.11348,-0.26093,-0.1995,0.53443,-0.59901,-0.72837,-0.4194,-0.3175,-0.24216,-0.059776,-0.23994,-0.22836,0.52931,-0.43471,0.14295,2.1362,0.99768,0.018487,-1.2386,-0.4071,-0.52733,-0.46007,-0.24204,-0.93816,-0.51468,-0.46616,-0.22975,0.0013231,2.4017,0.38576,0.59723
-0.27623,-0.0788,-0.80473,-0.26356,4.1797,-0.78919,-0.3481,-0.67187,-0.65188,-0.28023,0.073153,2.2208,0.13326,-0.50635,-0.41622,-0.32926,0.48206,-0.17509,0.42531,-0.46269,-0.69161,-0.36255,-1.5518,0.059292,-0.44807,0.0075404,0.03849,1.1793,-0.71068,-0.1163,-0.10698,-0.28925,-0.38618,-0.047324,-0.1213,-0.37022,-0.47971,0.53734,-0.24187,0.083558,-0.023732,-0.20853,-0.21848,0.0068223,-0.020673,0.76408,1.5325,-0.075497,-1.4071,-0.18698,-0.11286,0.69593,-0.20133,-0.89191,-0.14839,-0.27939,0.038961,-0.37851,1.9812,0.90206,0.65081
0.66152,0.32452,0.40982,-0.045501,2.7991,-1.0133,-0.33611,-0.57547,-0.61252,-0.2641,0.32024,2.6799,-0.021671,-0.66346,-0.53418,-0.43903,-0.17614,-0.22932,0.23849,-0.39771,-0.15117,-0.30218,-0.11192,-0.26809,-0.398,-0.24904,0.13538,0.3823,-0.57421,0.70319,-0.14123,-0.19682,-0.18206,-0.33815,-0.31256,0.1318,-0.7446,1.4933,-0.20039,-0.14796,0.63125,-0.29131,0.20187,0.06095,-0.29515,1.7006,0.67846,-0.060585,-0.86052,-0.053052,-0.27008,2.5766,-0.22624,-0.68834,-0.057097,0.52739,-0.063175,-0.35839,0.30775,-0.079102,0.33283
0.38407,0.65695,0.74888,0.052019,2.44,-1.0471,-0.28894,-0.42258,-0.56442,-0.44237,0.32403,2.3437,0.71486,-0.48426,1.0777,-0.54484,-0.5795,-0.23401,0.19597,-0.92183,0.026279,-0.012408,-0.53041,-0.64118,-0.45847,-0.40692,-0.3146,-0.27589,-0.39282,-0.029935,-0.59988,-0.075801,0.52098,-0.81487,-0.41592,-0.5204,-0.64361,0.40923,-0.45775,-0.3035,0.39292,-0.37054,-0.12452,-0.38157,0.14416,0.84971,0.30697,-0.18608,-1.1203,-0.086248,-0.20941,2.4808,0.15695,-0.75008,-0.05718,0.51059,0.2285,-0.39171,-0.27933,0.02994,0.079932
-0.41726,1.1897,-0.10594,-0.72862,2.1276,-0.97064,-0.32369,-0.59431,-0.38505,1.1104,0.61193,1.3191,0.52147,-0.62658,2.0435,-0.54606,-0.34597,-0.029218,-0.56187,-0.84426,-0.25315,0.014191,-1.0056,-0.5862,-0.57606,-0.23918,-0.47447,0.65951,-0.05851,-0.13409,-0.32709,0.60801,0.20149,0.018961,-0.31356,-0.84697,-0.76721,-0.06187,-0.11133,-0.44106,-0.10289,-0.49717,-0.31638,-0.063736,-0.43809,0.048025,0.4245,-0.14345,-1.3006,-0.33028,-1.3262,2.2175,-0.12985,-0.42286,0.19449,-0.90898,-0.77268,-0.26026,-1.5447,0.36576,0.84119
-0.29075,0.8657,0.062942,-0.44083,1.6707,-1.067,-0.48897,-0.63753,-0.53067,0.60401,0.19177,0.96179,0.77225,-0.39467,0.37508,-0.58588,0.28287,-0.31283,-0.54749,0.16047,-0.48561,-0.44423,-0.61783,-0.96335,-0.61184,-0.48522,-0.42934,0.64269,-0.24774,1.2988,-0.68529,0.58199,0.34835,1.4476,0.21458,-0.73929,-0.85731,0.097221,-0.43004,-0.27079,-0.48527,-0.302,0.66073,0.32841,0.57599,1.3113,0.43596,-0.064718,-0.81433,-0.50611,-1.0655,1.2196,-0.0061365,-0.56225,-0.5959,-0.37317,-0.87284,-0.4357,-1.4839,-0.15291,0.47257
-0.28657,0.66672,-0.30663,-1.1689,1.5332,-1.1825,-0.58235,-0.4228,-0.32491,0.20047,0.15873,0.29482,1.9367,0.10777,0.33631,-0.70131,1.0764,-0.50093,-0.65133,-0.15323,-0.58218,-0.47391,-1.6184,-1.1327,-0.69415,-0.62524,-0.84433,-0.5189,-0.97442,0.92767,-0.90252,0.34434,0.54638,0.34888,0.3885,-0.762,-0.9538,0.30718,-0.28483,-0.25431,-0.37887,-0.31524,-0.038703,0.32028,0.83779,0.14523,1.5881,-0.17888,-1.6007,-0.81324,0.43817,1.0127,-0.10963,0.46517,-0.28698,-0.27632,0.40886,-0.31906,0.96123,-0.37815,0.57922
0.011288,0.27459,0.091034,3.5103,1.2665,-0.75772,-0.60176,-0.12557,-0.16017,0.43332,-0.49608,0.01173,0.18725,0.12824,0.0351,-0.32361,0.67902,-0.47293,-1.1769,-0.4206,-0.4608,-0.70917,-0.67653,-0.78404,-0.48712,-0.62794,-0.54856,-0.8234,-0.91817,0.69367,-0.61596,0.44716,0.32165,0.037748,-0.14864,-0.63925,-0.7304,-0.14611,-0.47521,-0.37916,0.11701,-0.1539,0.059291,-0.074179,0.37224,-0.022994,1.8486,-0.25136,-0.46757,-0.3982,0.75787,1.3083,-0.20463,0.58365,-0.14529,-0.9989,0.94323,0.064048,0.73039,-0.72978,0.39466
0.051724,0.093204,0.35357,5.2332,0.69345,-1.0015,-0.63184,-0.2747,-0.36571,0.22021,-0.68657,0.27508,-0.045884,-0.30493,-0.040291,-0.026401,-0.58394,-0.40338,-1.0972,-0.7211,-0.558,-0.7343,0.41538,-0.56429,-0.78922,-0.22054,-0.27393,0.11659,-0.93787,1.5128,-0.46399,0.51795,-0.29231,-0.24721,-0.45515,-0.069759,-0.3168,0.33295,-0.41079,-0.36726,-0.52142,-0.091468,0.70352,0.049622,0.33615,0.66821,-0.19925,-0.081586,0.046268,-0.28234,-0.56585,0.44539,0.040309,-0.20935,-0.70442,-0.67947,-0.43039,0.075565,-0.19488,-0.20495,0.064577
-0.15856,0.30962,0.10696,2.8615,0.39205,-1.2311,-0.44905,-0.27619,-0.29841,0.051798,-0.43389,-0.11394,-0.036309,-0.13246,-0.46571,0.034584,-0.043916,-0.20219,-0.97608,0.49958,-0.545,-0.40042,0.72348,-0.19826,0.17572,-0.32256,-0.055017,0.84296,0.0011761,1.7502,-0.13524,0.29374,0.13069,-0.23183,-0.0072888,-0.50748,-0.65359,0.34014,0.52996,-0.13655,-0.25502,-0.10041,0.30558,0.11554,0.020338,0.65333,-0.19593,-0.28278,0.72374,0.047507,-0.77023,1.2637,-0.17319,-0.13668,-0.77683,-0.95923,-0.40285,0.25763,-0.82207,-0.2875,-0.32836
-0.50829,0.45064,-0.27759,2.4519,-0.084491,-1.3907,-0.29767,-0.13006,-0.25597,-0.028085,0.11929,-0.60471,-0.2376,-0.23142,-0.021578,0.080164,0.193,-0.26055,-0.59928,0.25097,-0.86096,0.027685,0.17593,-0.13887,0.29133,-1.0139,-0.48035,0.52649,0.23372,0.95079,0.033958,-0.034866,0.04734,-0.33211,-0.23398,-0.44144,-0.73464,-0.2164,0.61062,-0.13951,-0.19026,-0.25835,0.4445,-0.35927,0.45578,0.3829,0.2344,-0.19087,0.0012142,0.086481,-0.72537,0.94803,-0.24368,-0.32888,-0.06942,-0.99534,-0.13772,-0.14511,-0.86551,-0.32392,-0.50214
-0.10771,0.74546,0.13965,1.6312,-0.028475,-1.2357,-0.24788,-0.16468,-0.24215,-0.22754,0.031859,-0.080656,-0.36751,-0.48097,-0.15316,-0.24783,-0.22297,-0.084528,-0.34993,0.58959,-0.4188,-0.0098878,0.92393,-0.17054,-0.14299,-0.42274,-0.6051,0.0041864,0.61267,1.6154,0.039048,0.089439,-0.3595,0.022835,-0.71263,0.095907,-0.50714,0.17082,0.44162,-0.073702,-0.17158,-0.16461,0.38206,0.075745,0.10269,0.68097,-0.21978,-0.12808,0.98124,0.27494,-1.5004,1.2535,-0.13312,-0.24017,-0.20285,0.051366,-0.5637,-0.37811,-0.20032,0.23718,-0.16474
-0.43566,1.0166,0.16327,1.2185,-0.41115,-1.1452,0.13426,-0.46534,-0.53099,-0.016318,1.0452,0.26358,-0.4206,-0.39313,0.020025,-0.41802,0.33192,-0.15338,-0.30842,-0.24984,-0.47959,-0.13174,0.1654,-0.30168,-0.52972,-1.0655,-0.93897,-0.061437,0.26928,0.48562,-0.67686,-0.032878,0.16095,0.41687,-0.28165,0.40037,-0.65021,-0.038447,0.26817,-0.40403,-0.27454,-0.25496,0.47637,0.11019,0.85373,1.0326,0.15498,-0.079226,-0.31771,-0.33376,-1.891,2.2893,-0.2767,-0.58011,-0.08604,-0.12329,-1.2334,-0.76392,0.77046,0.6311,0.12218
-0.14073,0.92298,-0.040909,0.78255,0.11707,-1.0492,-0.038385,-0.45824,-0.37791,0.47349,0.67636,-0.15462,-0.2376,-0.32444,-0.13115,-0.47476,0.48599,-0.16717,-0.68782,-0.41488,-0.48192,-0.40759,0.63597,-0.61848,-0.45162,-0.1972,-0.79263,-0.077904,-0.34569,1.4824,-0.68892,-0.017073,-0.31443,0.43852,-0.024788,0.39044,-0.26873,-0.21475,0.1636,-0.5076,-0.63618,-0.36745,0.52652,0.10083,0.65264,1.1156,0.34387,0.0045852,-0.21776,-0.25848,-1.2671,1.7875,-0.29244,-0.32114,-0.28216,0.96668,-1.2536,-0.49346,1.2786,0.2787,0.30039
-0.10499,0.71377,0.32998,0.75296,-0.18454,-1.1374,-0.13804,-0.41786,-0.46569,0.2137,0.37852,-0.24565,-0.16228,-0.27682,-0.14392,-0.41324,0.94413,0.062479,-0.62429,-0.79922,-0.33597,-0.4449,0.82387,-0.85849,-0.11385,-0.43744,-0.98255,0.30324,-0.17733,1.219,-0.4841,-0.10847,-0.5555,-0.12746,-0.57501,0.055214,-0.55638,-0.12605,0.407,-0.43678,-0.64757,-0.17815,0.1924,0.072621,0.28894,0.89076,-0.33995,-0.02162,-0.20253,0.45959,-1.5991,2.6265,-0.12049,-0.51622,0.28716,0.93695,-1.0432,-0.4929,0.29313,0.10723,0.13433
-0.22913,0.14851,-0.044016,0.36531,-0.58136,-0.56178,-0.35654,-0.50782,-0.56946,-0.25865,0.15118,0.14858,-0.2532,0.11304,-0.36135,-0.041944,1.3799,0.0036648,-0.27267,-0.58324,-0.16681,-0.43235,0.80725,-0.78274,-0.3954,-1.2461,-1.4378,-0.067739,-0.56302,0.61124,-0.96142,-0.049272,-0.87967,0.034961,-0.70175,-0.22044,-0.66507,-0.15922,-0.14603,-0.56125,-0.87024,-0.18041,0.19631,-0.15846,0.080926,0.90624,0.29003,0.062312,-0.19238,0.3197,-1.7956,1.1627,-0.18286,-0.56278,-0.23852,0.76052,-1.4714,-0.44346,1.0439,0.61179,0.44167
0.059097,0.44032,-0.10123,0.40005,-0.13127,-0.51252,-0.38901,-0.52727,-0.31328,-0.15406,0.25568,-0.27222,-0.27299,0.48349,-0.24986,-0.25509,1.1607,-0.28297,-0.52414,-0.26227,-0.10265,-0.4045,1.2342,-0.43472,-0.18196,-0.41955,-0.73501,-0.18954,-0.51901,1.9205,-0.57742,-0.18403,0.11294,-0.089198,-0.90566,-0.038301,-0.42669,-0.52907,-0.2168,-0.62435,0.27885,-0.21684,-0.056493,-0.28968,0.08754,0.5858,0.31507,0.075576,0.43305,0.15094,-0.2218,1.4518,-0.18717,-0.21098,-0.13866,0.70056,-0.080475,-0.011687,0.35064,0.038275,0.26686
-0.15335,-0.029822,-0.014075,-0.23641,-0.26393,-0.93286,-0.40756,-0.68218,-0.47887,-0.68839,0.04175,-0.26481,0.25813,1.02,-0.54331,-0.40222,1.2933,-0.12144,-0.60697,-0.76552,-0.26394,-0.35248,0.19961,-0.79108,-0.19325,-0.80317,-1.0344,0.91777,-0.56767,0.80725,-0.16627,-0.04736,-0.10205,-0.52578,-1.3506,-0.31483,-0.53487,-0.58493,-0.29427,-0.70486,-0.39359,-0.20994,-0.14609,-0.16731,0.057244,0.7758,0.48554,-0.030975,-0.58107,0.34991,-0.12,1.3775,-0.18522,-0.51883,-0.33903,0.60098,-0.31299,0.19525,0.38328,-0.30638,1.2173
-0.060609,1.7593,-0.0052049,0.2295,-0.70974,-0.71319,-0.55145,-1.0041,-0.67767,-0.29168,1.1794,-0.64536,0.43011,0.55807,0.16957,-0.274,0.73933,-0.26118,-1.1867,0.057497,-0.61811,-0.54339,-1.1568,-0.33322,0.12678,-1.1164,-1.0096,0.81538,-0.75299,1.7023,-0.15938,-0.074717,-0.22483,0.52388,-0.66209,-0.10762,-0.91671,-0.65577,-0.30854,-0.75882,-0.13819,-0.33408,-0.181,-0.11035,0.3454,-0.51945,0.45703,0.040284,-0.19873,0.039889,-1.5176,1.1741,-0.23593,-0.65775,-0.54763,-0.11007,-0.64083,0.48429,0.24097,0.04237,0.80269
-0.01113,5.3588,0.14494,-0.18708,-0.81074,0.074851,-0.72215,-0.90907,-0.75083,2.6637,3.6634,-0.70493,1.1561,0.67394,0.91307,-0.43938,0.5219,-0.41988,-1.0575,0.2802,-0.35104,-0.22434,-0.7725,0.52254,-0.03088,-0.25643,-0.4213,0.89484,-0.80119,1.4735,0.052836,-0.27845,-0.36062,1.0705,-0.5271,-0.39068,-0.28671,-0.15918,-0.59265,-0.95863,-0.14462,-0.50114,0.08159,-0.42879,0.084073,-0.85868,0.71859,-0.053975,0.76572,-0.38772,-0.45879,0.43511,-0.36505,-1.009,-0.78226,0.047042,-0.94533,0.38772,1.5031,0.61835,0.68539
0.051309,5.8512,-0.54859,6.0451,-0.69646,3.9695,-0.71414,-0.99962,-0.91246,5.6108,1.1624,0.71504,1.1675,0.44214,0.40342,-0.4549,-0.078965,-0.12425,3.7136,-0.063062,-0.71803,-1.1636,-1.3811,-0.68201,-0.13715,-0.26822,-0.7354,1.3373,-0.39025,3.3261,-0.16237,-0.11469,-0.92924,0.33893,-0.36981,-1.5882,-0.16309,0.48909,-0.41192,-0.60296,-0.4554,-0.02131,-0.47818,-0.14422,-0.68959,-0.69144,-0.60784,-0.029201,-0.69698,-0.24618,-0.84787,-0.062215,-0.33583,-1.5647,-0.41269,-1.3124,-0.057998,0.27419,-0.19842,1.8218,-0.056342
-0.46454,4.6263,-0.34199,6.4219,-0.9269,3.0925,-0.75528,-0.56132,-0.61858,3.4955,1.9887,0.55753,-0.059034,0.20342,0.1784,-0.46309,-0.96879,-0.52471,2.1129,-0.30739,-0.12299,-0.46936,-0.56303,-0.26454,-0.34622,0.8844,-0.14629,0.43884,-0.82887,1.6556,-0.24827,-0.27478,0.21972,-0.62126,-0.31822,0.044355,-0.25003,0.37835,-0.59952,-0.71378,0.53599,0.12863,0.59432,-0.50714,-0.28791,-1.1618,-0.39118,-0.017616,0.36868,-0.20222,0.33727,0.75419,-0.1026,-0.80428,-0.38087,0.055141,0.7922,0.0091876,-0.8316,0.82604,-0.40462
-1.1591,3.7354,0.21422,2.5591,-0.84513,2.7128,-0.78698,-0.77763,-0.89747,1.0065,2.9187,0.50439,-0.32026,1.0233,0.30685,-0.28793,-0.80271,-0.78689,1.6661,-0.55447,-0.60069,0.71468,1.0748,-0.76887,-0.3727,0.33642,0.17536,0.23733,-0.73453,0.97868,0.70333,-0.36409,-0.47467,-0.23685,-0.8527,0.29033,-0.72119,0.13856,-0.59073,-0.84654,-0.48609,-0.30573,0.10816,-0.87704,0.028185,-0.8461,-0.33502,0.48064,1.1066,-0.6907,-1.3149,-0.42864,-0.72173,-0.87848,-0.30405,0.85735,-0.44746,1.4765,0.073814,0.97392,0.10854
-0.17944,4.5723,0.041318,2.8847,-0.36792,2.7648,-0.65249,-1.0814,-0.65358,2.0249,3.7046,0.84686,0.34559,0.55724,0.9073,-1.0043,0.057516,-0.215,1.1901,-0.23301,-0.63984,0.96409,0.6551,-0.89885,0.15596,0.07501,-1.0554,0.18269,-0.15507,4.0442,-0.0056362,-0.22851,-0.35891,-0.096908,-0.98241,-0.8241,-0.51368,-0.14637,-0.1297,-0.86815,-0.022213,-0.19453,-0.67891,-0.31234,-0.4962,-0.43367,-0.1499,0.32209,0.31021,-0.6433,-1.5663,0.51831,-0.23274,-0.73504,0.43573,0.20659,-0.48468,1.199,0.71549,1.1221,-0.3602
0.23891,3.4693,1.2632,1.4628,-1.0406,1.5305,-0.31392,-0.89126,-0.58228,0.65131,2.528,1.3439,0.0050424,0.30273,0.9226,-1.1134,-0.74567,-0.13722,0.53445,-0.82281,-0.27591,0.61041,2.603,-0.56494,0.52776,-0.67744,-1.1093,-0.49768,0.28374,3.7715,-0.22835,-0.27387,-0.41557,0.021304,-1.0042,-1.5667,-0.34543,0.092787,-0.33007,-0.46599,-0.76193,-0.10177,0.089309,-0.072066,-0.5584,-0.62871,-0.00564,-0.078289,0.52367,0.041556,-2.4174,0.74247,-0.277,-0.70381,0.26755,-0.93709,-1.563,0.079584,0.68925,0.34867,-0.57786
0.47623,2.4365,1.56,1.3986,-1.1091,1.1212,0.78367,-0.75541,-0.48719,0.37951,1.2241,1.1308,-0.14464,0.10565,1.0216,-0.89251,-1.5132,-0.17309,0.15814,-0.4512,0.36492,-0.21737,1.811,-0.8082,-0.030782,-0.71991,-0.72571,-0.99335,0.49427,2.4697,-0.19422,-0.30079,-0.20486,-0.45757,-0.54932,-0.81538,-0.13435,0.0070707,0.029222,-0.3144,0.53225,-0.11626,0.045051,0.10413,-0.17715,-0.84976,-0.15875,-0.22194,0.35523,0.16206,-1.4481,0.57842,-0.35773,-0.67908,0.47218,-1.5566,-0.12846,-0.13357,-0.39069,-0.4067,-0.43979
0.19528,2.2043,1.2839,0.79835,-0.88056,0.4331,0.82132,-0.35813,-0.42446,-0.98992,2.1892,0.71453,0.37696,-0.31776,0.32766,-0.98529,-0.72027,-0.2491,-0.17409,-1.2946,0.22723,0.32246,1.1466,-1.1101,-0.62297,-0.92029,-1.0124,-0.98108,0.40738,0.77728,-0.42474,-0.51448,-0.10464,-0.5409,-0.6109,-0.1837,-0.6465,0.42166,-0.087785,-0.35823,0.31531,-0.18216,0.013312,0.20955,0.28263,-0.70697,0.30193,-0.09318,-0.73394,-0.07735,-1.4871,-0.15516,-0.071265,-0.64415,0.25902,-1.2761,-0.44169,-0.51259,0.41429,-0.3488,-0.31091
-0.095025,1.8805,1.3683,0.53523,-0.48524,0.39788,0.4203,-0.65154,-0.36323,0.77809,2.1935,0.68221,-0.38025,-0.61872,0.46938,-1.2145,-0.2587,-0.41814,-0.67983,-0.60156,0.22952,0.042684,-0.35455,-1.2603,-0.53343,0.20224,-0.54334,-1.4496,-0.30958,1.008,-0.8433,-0.3037,-0.20877,-0.031325,-0.62057,-0.1737,0.11591,-0.19054,-0.62954,-0.59076,0.61995,-0.43728,-0.42454,-0.23228,0.80964,-0.81032,0.23947,-0.067599,-1.2788,0.043981,0.11284,0.06646,-0.27395,-0.56716,-0.17036,-0.53366,0.19392,-0.32342,0.82417,0.86461,-0.30255
-0.32272,1.7993,0.67418,0.31227,-0.24063,0.56541,0.31143,-0.97448,-0.42456,3.3471,1.8429,0.53384,-0.17418,-0.053408,0.25294,-1.006,-0.77157,-0.42609,-0.54545,-0.27045,0.06077,0.10696,-0.40108,-0.54565,-0.55684,1.2254,0.42574,-0.88933,-0.41091,1.7854,-0.73888,-0.16139,-0.22239,-0.21787,-0.34421,-0.18267,0.84176,-0.64158,-0.59012,-0.35996,0.79995,-0.52606,0.03989,-0.54035,1.2358,-0.50485,-0.49681,-0.1976,-0.75461,-0.15983,2.3216,0.13974,-0.31351,-0.55789,-0.2129,-1.1532,-0.33077,-0.075678,-0.33034,0.47167,-0.51061
-0.31299,1.1488,0.048448,0.29012,-0.13456,0.08713,0.27003,-0.36995,-0.1554,1.5713,1.4441,-0.22235,0.29928,-0.17417,0.19287,-0.77377,-0.2481,-0.32383,-0.206,-0.65187,-0.13941,0.11447,-0.073215,-0.40178,-0.14614,-0.023396,-0.45751,-0.50927,0.1185,1.2611,-0.74117,-0.35497,-0.012288,-0.65354,-0.3348,-0.40843,0.23681,-0.29449,-0.17773,-0.22038,0.54246,-0.36573,-0.42035,-0.23014,0.3814,-0.58529,-0.23998,-0.20017,-0.50046,0.019102,2.3127,0.043897,-0.16218,-0.38786,-0.24756,-1.497,1.6618,-0.30117,0.08684,-0.35322,-0.36826
-0.34474,0.91014,0.16365,0.078353,-0.35792,-0.12346,0.13597,-0.32449,-0.30508,0.81722,1.3473,-0.46942,0.66905,-0.30696,-0.11213,-0.67131,0.53611,-0.16562,-0.14046,-0.79979,-0.19078,0.15054,-0.78561,-0.61504,-0.10303,-0.45836,-0.85071,-0.82948,-0.040568,0.35936,-1.1447,-0.19158,-0.72597,-0.2757,-0.5116,-0.50224,0.022015,-0.25978,-0.48175,-0.15843,-0.011119,-0.323,-0.48901,-0.018831,-0.16446,-0.44919,0.25796,-0.22788,-1.1789,0.011347,1.5485,-0.60447,-0.031198,-0.55106,-0.24157,-1.0865,1.9692,-0.37681,1.0694,-0.25737,0.43355
-0.13477,0.7856,0.50786,0.072048,-0.51299,-0.063849,-0.042284,-0.21542,-0.41434,0.59722,0.83371,0.32048,0.77086,0.10436,-0.56313,-0.2858,0.069699,-0.19963,-0.5133,-0.51224,0.025179,-0.026437,0.79936,-0.62225,-0.57828,0.58364,0.15036,-0.40992,-0.016276,1.5969,-0.73235,-0.31601,-0.99977,-0.36701,-0.60556,-0.056912,0.029764,0.037541,0.18504,-0.37207,0.18843,-0.21226,-0.22459,-0.38026,-0.20188,0.93063,-0.90672,-0.21767,0.29648,-0.1879,0.47342,-1.0761,-0.22946,-0.54641,-0.013108,-0.59962,0.31441,0.24084,-0.42594,-0.48609,-0.078942
-0.16965,0.33489,0.16045,0.19022,0.089535,-0.26967,-0.059089,-0.0075799,-0.19386,0.2557,0.71669,0.040608,0.17641,-0.051134,0.43392,-0.28703,0.18642,-0.35443,0.41512,-0.74291,-0.25415,0.31233,-0.18164,-0.49364,-0.093886,-0.29065,-0.35736,-0.48632,0.42649,1.2663,-0.53414,-0.28535,0.042023,-0.50348,-0.15894,-0.17449,-0.55294,-0.44358,0.16924,0.18499,0.86613,-0.21425,-0.872,-0.07179,0.051527,0.56397,-0.79556,-0.2901,-1.0669,-0.23876,0.96093,0.40922,-0.30305,-0.27825,-0.66204,-0.40613,2.0719,0.12588,-0.4857,-0.62031,-0.38732
-0.34175,0.27768,0.12152,-0.24207,0.50351,-0.29034,0.02963,-0.13957,-0.13672,0.093983,0.21879,-0.20858,-0.27985,-0.19703,-0.1076,-0.57916,-0.39399,-0.19338,1.0279,0.76974,-0.39286,0.0056959,0.68402,-0.11658,0.76211,-0.070657,0.023127,-0.68715,0.36041,1.6099,-0.19019,-0.40083,-0.19359,-0.23063,0.031299,-0.62864,-0.55985,-0.41212,0.2016,0.59282,-0.36536,-0.17834,-0.61886,-0.3333,0.062641,0.070116,-1.4203,-0.22545,1.1538,-0.11472,-0.95395,0.34187,-0.31462,-0.16293,-0.339,-0.96014,-0.15807,-0.029181,-0.70446,-0.37458,-0.55249
-0.61975,0.26903,-0.019865,-0.56079,-0.24339,-0.62007,0.60994,-0.13421,-0.21979,-0.37397,0.58748,-0.47056,-0.21815,-0.32181,-0.055202,-0.42383,-0.21815,-0.11368,0.9918,0.79879,-0.36792,-0.023604,1.1262,0.093853,0.85271,-0.34215,-0.26653,-0.77387,0.14429,1.4274,-0.7611,-0.49668,-0.13009,-0.038652,-0.32114,-0.29533,-0.40718,-0.2346,0.53034,0.52632,0.18065,-0.028861,-1.0632,-0.66417,-0.13701,0.083563,-1.7691,-0.235,1.2539,-0.022618,-0.81994,-0.24974,-0.29288,-0.45112,0.49467,-0.62138,0.23958,0.037018,-0.57415,-0.25288,-0.28419
-0.027141,-0.30721,0.68984,-0.24477,-0.33404,-0.87578,1.117,-0.2171,-0.2203,-1.3344,0.06476,0.10815,0.47177,0.19877,-0.32639,-0.56215,-0.46325,-0.21893,0.48853,-0.25765,-0.25815,0.097997,-0.12849,-0.33344,-0.042981,0.29717,-0.061847,-1.3527,-0.34408,-0.10978,-0.74153,-0.32485,-0.37281,0.076239,-0.74609,0.39678,-0.0051409,-0.15894,-0.099978,0.40014,0.513,-0.27748,-0.52087,-0.23511,-0.13491,0.37107,-1.0605,-0.18388,-0.26924,-0.093991,1.0491,-0.83535,-0.028043,-0.21739,-0.17285,0.13685,0.72768,-0.36776,0.14096,-0.48416,-0.26639
0.18351,0.21365,1.8931,-0.26193,1.3396,-0.82522,1.2741,-0.098533,0.011282,-0.50793,0.40679,0.91597,-0.18863,-0.43339,-0.20743,-0.054223,-0.7399,-0.22889,-0.65103,0.034767,0.28163,0.59775,1.7104,-0.7976,-0.14893,1.8216,0.08032,-0.88795,0.051628,0.70242,-0.29306,-0.59526,-0.61021,-0.54881,-0.89122,-0.16535,-0.17152,-0.55938,0.26146,-0.30874,-0.57558,-0.0082846,-1.2681,-0.045088,-0.98762,0.50067,-1.0573,0.1043,0.9929,-0.64535,-0.77595,-0.85926,-0.036519,0.28482,0.18729,0.14492,-0.94171,-0.28978,-1.2599,0.3054,-0.34541
-0.37906,1.8723,0.43113,-0.59083,3.0236,0.56255,0.47873,-0.36706,-1.1205e-05,-1.2073,3.8187,0.11495,-0.60972,-1.0432,-0.1228,1.7423,-0.14101,-0.13076,-0.64872,-0.18607,0.13367,3.2028,1.5035,-0.19196,-0.22845,-0.016308,-0.26443,-0.3761,-0.17088,0.28904,-0.63585,-0.72609,-0.36872,-0.46137,-1.1705,-0.29766,-1.3715,-0.78068,0.26388,-0.6808,-0.65912,0.91762,-2.5815,-0.35564,-1.5245,-0.55154,-1.6297,0.069883,1.2465,-0.19645,-2.0595,-0.2925,-0.39116,-0.063199,0.34455,-0.39147,-1.1072,-0.4049,0.53707,1.3244,-0.069677
-0.18245,1.4484,0.14648,-0.33207,4.5224,0.40002,0.15708,-0.34345,0.12525,-0.72059,2.1522,0.23306,-0.8706,-0.94091,-0.54696,0.80154,0.30506,-0.39698,-1.215,0.49668,-0.13957,2.227,1.2618,-0.61833,-0.30383,1.705,0.073897,-0.42603,-0.25139,0.70921,-0.44964,-0.52151,-0.061299,-0.030143,-0.94308,-1.5863,-0.32254,-0.8765,-0.099505,-0.89421,-1.3704,0.37754,-0.7994,-0.5996,-1.3253,0.026274,-0.27976,0.046612,0.77333,0.060712,-0.6324,-0.32597,-0.44454,0.60802,-0.20183,-0.78433,-1.1476,-0.21376,-0.80688,0.90121,-0.37133
-0.82054,0.95945,-0.2258,-0.63275,8.4509,2.5332,-0.034976,-0.6993,-0.17499,-0.16889,1.1293,0.31444,-0.75932,-0.42899,-1.2344,1.2164,1.2985,-0.4685,-0.7234,1.5971,-0.39245,1.1926,1.1073,-0.77264,-0.39107,3.4434,0.025728,-1.2337,-0.57454,1.2344,0.31486,-0.60343,-0.052155,0.96526,-1.3129,-2.5678,0.57409,-0.47943,-0.1052,-0.402,-2.5681,0.32813,-2.2037,-0.37673,-1.1662,0.58064,-1.6209,0.14967,2.2704,-0.3672,-2.2343,-2.2237,-0.38473,0.61212,-0.0010077,-2.0304,-2.5394,-0.046651,-0.78878,1.2188,-1.2097
-0.99487,0.80448,-0.36967,-0.52785,6.609,1.6677,-0.21346,-0.78353,-0.22119,-0.62251,1.3494,0.3701,-0.27251,-0.48034,-1.1214,1.3332,1.2894,-0.37887,-0.68707,-0.7131,-0.40275,1.2434,-0.58714,-0.4647,-0.5985,2.634,0.22284,0.46234,-1.2343,-1.0956,1.2097,-0.61245,0.63524,-0.49341,-0.40546,-1.2237,0.38562,2.3428,0.076454,-0.51349,-0.68112,0.13142,-1.5163,-0.6183,-0.38964,0.50882,-1.0845,0.14082,0.35453,0.14929,0.69081,0.2778,-0.16668,0.47796,-0.58335,-1.4394,-0.67934,-0.24219,-0.59571,0.73818,-0.21535
-0.61417,1.0073,0.045419,-0.63114,5.2729,1.3734,-0.21802,-0.59064,0.06788,-0.27504,1.3599,0.059245,-0.39677,-0.44229,-0.63479,0.6147,-0.11645,-0.42178,-0.86377,0.25056,-0.36448,1.0747,0.57695,-0.67753,-0.30049,1.3413,-0.50147,1.2655,-0.50815,0.05706,0.64383,-0.38669,0.55339,-0.048214,-0.52836,-0.4729,-0.93759,1.8422,0.063739,-0.47213,-0.6588,0.045943,0.21575,-0.51462,-0.45143,1.3881,-0.61585,-0.061837,1.0737,0.56728,-1.383,1.2826,-0.32977,0.16957,-0.22227,0.53538,-0.82562,-0.042563,-1.1903,-0.15689,-0.31861
-0.8436,0.64542,-0.25013,-0.94394,5.639,1.2912,-0.32584,-0.76812,-0.19056,-0.75912,1.2246,-0.25226,-0.28121,-0.095956,-0.86747,1.0955,0.049311,-0.36767,-0.99664,0.73285,-0.53058,1.1192,0.63921,-0.82615,0.27519,1.1819,0.46338,0.77019,-0.4789,0.38658,1.1012,-0.30954,0.70982,-0.42963,-0.92595,-0.87654,-0.96674,0.47027,0.36636,-0.4144,0.018402,0.10122,-1.8112,-0.15641,-0.89384,1.6672,-1.7985,-0.040058,1.39,0.3412,-1.7831,0.49193,-0.39036,-0.037366,-0.28792,-0.66905,-0.62464,0.47764,-2.5577,0.32034,-0.66797
-0.94449,0.23569,-0.68862,-0.72198,5.738,1.3276,-0.4365,-0.57822,-0.30936,-0.76286,0.68493,-0.23239,-0.036775,-0.011676,-0.85893,1.0493,0.11299,-0.3472,-0.76389,0.33349,-0.40709,0.72717,-0.11528,-0.45343,0.18186,2.0059,0.642,0.52211,-0.39329,-0.27889,0.88222,-0.34364,0.67624,-0.5273,-0.81024,-1.0124,-0.47081,1.2226,0.016966,-0.33336,0.19384,-0.18062,-1.8433,-0.076963,-0.95064,0.82823,-0.97414,-0.054064,0.20175,0.22878,-0.55563,0.31812,-0.2979,-0.06552,-0.52536,-0.31918,-0.4013,0.082347,-1.923,0.51193,-0.72584
-0.72211,0.35264,-0.5303,-0.65187,4.0821,0.39948,-0.3841,-0.35667,-0.18418,-0.49838,0.51508,-0.089855,-0.31909,-0.056539,-0.52312,0.85647,0.033872,-0.24167,-0.44715,0.53494,-0.35327,0.6301,-0.2264,-0.7155,-0.048203,1.0576,-0.24067,0.37083,0.12928,0.54639,0.21434,-0.28829,0.3623,-0.24687,-0.36106,-1.1423,-0.9004,2.2801,-0.32203,-0.13659,0.082554,-0.2158,-0.64863,-0.0047464,-0.48758,0.97469,-0.4452,-0.10491,0.12931,0.76443,-1.3619,1.5648,-0.37001,0.064484,-0.44116,-0.60812,0.018892,-0.11699,-0.97633,-0.16299,-0.36946
-0.19695,-0.18552,-0.38124,-0.64539,4.7655,0.92175,-0.37025,-1.1485,-0.31138,-1.3499,0.1704,0.79703,-0.064782,-0.081123,-0.40029,0.16276,0.78647,-0.5134,0.63948,0.77111,-0.61935,0.3743,-0.81095,-0.029558,-0.53852,1.9579,0.26546,-0.47808,-0.79858,0.34933,-0.43253,-0.30401,0.24802,1.1445,-1.0821,2.4711,0.18318,-0.14093,-0.67174,0.8697,0.14159,-0.16222,-1.0389,0.29385,-0.96949,1.4347,-0.80921,-0.0019482,-0.71683,0.15134,0.59236,0.46021,-0.40786,-0.21332,-0.23373,0.99383,0.10043,0.24658,0.65907,-0.30336,-0.044353
-0.61384,-0.044742,-0.53139,-0.72442,5.5928,1.6731,-0.4057,-1.3276,-0.39668,-0.75431,0.15112,0.4378,-0.13478,0.10687,0.93959,-0.021106,1.4541,-0.56937,1.3386,0.26504,-0.64849,0.31913,-1.4779,-0.31394,-0.18656,1.8544,0.72531,-1.3149,-0.56538,0.031848,-0.094375,-0.11766,-0.056707,0.72824,-1.3594,2.7936,0.88952,-0.8563,-0.67286,0.97328,-0.1047,0.030636,-1.1445,-0.062829,-1.2054,0.48404,-0.5068,-0.069334,-0.42806,-0.15886,0.23742,-0.169,-0.53794,-0.28496,-0.14806,1.0843,-0.32449,1.0411,0.49839,0.47931,-0.61969
-0.84741,0.03612,-0.68154,-0.51459,4.7974,1.126,-0.53223,-0.93089,-0.41749,-0.49039,0.18915,0.1282,-0.16412,0.39468,0.91657,0.50294,1.2842,-0.44594,1.2103,-0.0092294,-0.69389,0.23414,-1.0682,-0.84216,-0.51433,2.5063,0.76201,-1.1192,-0.49729,0.98559,-0.26654,-0.16204,-0.15296,-0.14101,-0.81066,1.9785,0.40965,-0.28719,-0.72616,0.79125,0.36694,0.032511,-1.0836,-0.24776,-0.50164,0.51189,-0.33962,-0.029109,-0.85369,-0.21223,1.3691,0.30962,-0.39811,-0.51494,-0.43558,-0.071174,0.34111,0.53862,1.2569,0.012766,-0.11631
-0.53217,-0.043773,-0.6692,-0.17855,4.2027,0.78289,-0.65244,-0.80881,-0.23829,0.22017,-0.2086,0.13569,0.28067,0.42843,0.66948,0.20887,1.0529,-0.4978,0.31671,0.0069553,-0.63503,-0.1591,-0.92512,-0.75114,-0.37624,2.379,0.76291,-1.1336,-0.88058,1.0261,-0.33732,-0.26022,0.087387,0.090582,-0.16871,0.34793,0.096646,0.21744,-0.71989,0.34572,-0.19433,-0.1935,-0.54599,-0.3719,-0.21203,0.71465,0.17342,-0.023561,-0.62672,-0.15569,2.4546,0.79536,-0.30872,-0.27531,-0.33424,-1.0774,-0.23411,0.24826,1.8881,-0.39117,-0.26815
-0.63853,-0.03107,-0.72374,-0.36135,3.1711,0.64021,-0.64338,-0.87056,-0.26558,0.057984,-0.034314,0.34136,0.002268,0.44162,0.54119,-0.01453,1.3457,-0.55145,0.43348,-0.069875,-0.74149,-0.045133,-0.8165,-0.65745,-0.3007,2.0697,1.0466,-1.1574,-0.46841,0.1722,-0.0078764,-0.23379,0.036305,-0.035838,-0.48556,0.27646,0.33298,0.26759,-0.80635,0.37877,0.15762,-0.23169,-0.61215,-0.2863,-0.61963,0.99191,0.3584,-0.12672,-0.95966,-0.39464,2.7547,0.27899,-0.37285,-0.027467,-0.67533,-0.85303,-0.12654,0.14477,1.7256,-0.62211,0.17092
-0.40787,-0.07389,-0.521,-0.12386,2.6469,0.067529,-0.48794,-0.71999,-0.39636,-0.027309,0.09067,1.0181,-0.29358,0.15873,0.96874,0.092841,1.6511,-0.58413,0.62244,-0.99035,-0.60755,0.099188,-1.0642,-0.60853,-0.18438,1.3207,0.12773,-0.86407,-0.18336,1.5664,-0.013212,-0.091951,0.22453,0.24221,-0.90007,1.7915,-0.82145,-0.22204,-0.3607,0.76933,0.47529,-0.10243,-1.4424,-0.2082,-0.8334,0.77267,-0.23596,-0.090908,-2.2207,-0.32638,1.2538,0.45137,-0.42261,-0.30668,-0.36649,-0.32377,0.39922,0.39831,2.6865,-0.53451,0.67216
-0.35499,-0.38509,-0.57654,-0.20484,1.8529,0.20408,-0.59876,-0.54573,-0.41733,0.020135,-0.41613,1.0093,-0.48491,-0.083891,0.82496,0.27322,1.0264,-0.55695,0.069139,-0.67591,-0.13829,-0.19926,0.80927,-0.97768,-0.2523,1.4395,0.28074,-1.0755,-0.1981,2.5074,-0.42396,0.048009,0.94772,0.15592,-1.0484,1.8118,0.27159,0.033313,-0.3941,0.42144,0.40761,-0.24773,-0.75638,-0.3518,-0.99021,0.47084,0.16684,-0.10271,-0.25512,-0.4435,1.1658,0.65357,-0.45991,-0.28053,-0.3594,-0.51984,0.2114,0.62396,1.739,-0.61589,0.22299
-0.52318,-0.28995,-0.18875,-0.38718,1.0371,-0.31857,-0.59895,-0.17586,-0.48796,0.18305,-0.29523,0.86093,-0.31702,0.26217,1.5911,0.69719,0.86489,-0.60365,0.11705,-0.0676,-0.19894,-0.11223,0.39953,-0.92308,-0.21108,0.56166,0.53358,-1.7132,-0.35023,2.0779,-0.51661,0.32528,0.72458,0.019316,-1.0927,1.4919,-0.13839,0.45375,-0.73384,0.3909,-0.057129,-0.069784,-0.57419,-0.42659,-0.58541,0.26719,0.48969,-0.14225,-0.13677,-0.1688,1.4558,1.2368,-0.36161,-0.17721,-0.49884,-0.44539,0.33558,0.74192,2.7,-0.70309,-0.40217
-0.6591,-0.59652,-0.46779,-0.60614,1.1237,1.3193,-0.68087,-0.20773,-0.37546,-0.83342,-0.73232,0.68259,0.093538,1.5615,0.47848,0.47499,1.1099,-0.76357,-0.24903,-0.23863,-0.41998,-0.52119,-0.3819,-0.8882,-0.084669,0.79913,0.41233,-1.2912,-0.77842,1.1454,-0.49513,0.13929,0.32914,-0.66516,-0.76696,-0.25345,-0.43445,0.098049,-0.61011,0.15992,0.14631,-0.17763,-0.55024,-0.37759,-0.36723,0.22831,1.1068,0.8504,-0.35762,-0.5668,1.9508,0.39086,-0.41543,-0.26539,-0.28153,-1.1381,0.0089094,0.54266,1.2124,-0.24572,-0.49698
-0.82295,-0.03855,0.24485,-0.64768,1.0001,1.9906,-0.52258,-0.19399,-0.39767,0.02457,0.24485,0.64201,-0.3752,1.3287,0.37725,0.04185,1.7914,-0.60705,-0.2791,-0.097102,-0.4695,-0.048753,0.9564,-0.64595,-0.10843,0.64117,0.44462,-0.75211,-0.58094,1.1224,-0.5235,-0.24526,-0.078282,0.15493,-1.0216,0.65105,-0.22042,0.15363,-0.62437,-0.085838,-0.35066,-0.053794,-0.68422,-0.26393,-0.58569,0.29291,0.80187,0.26539,0.085505,-0.5587,1.3887,0.15886,-0.27469,-0.55224,-0.2811,-0.99189,-0.54448,0.19046,2.4918,-0.31504,-0.12988
-0.49632,-0.091203,0.095361,0.17451,0.51428,0.85857,-0.46531,-1.0633,-0.61188,1.4855,0.020744,0.18084,-0.13631,0.427,0.27132,-0.32777,1.5108,-0.70535,-0.20427,-0.28285,-0.53007,-0.20352,1.9999,-0.48087,-0.5567,1.2222,0.38827,-0.67932,-0.94375,1.3877,-0.81449,-0.15212,0.95591,1.3932,-0.74449,3.9969,0.51385,0.093561,-0.88928,0.35173,-0.25673,-0.51936,-0.91538,-0.17672,-0.019649,1.4251,-1.1608,-0.092288,-0.12657,-0.88486,3.2017,1.4732,-0.12933,-0.98455,-0.4735,-1.3171,-0.37983,0.0692,2.9761,-0.96955,0.029706
-0.4652,-0.66286,0.41376,-0.11831,3.3288,1.1969,-0.5569,3.4695,-0.47374,0.45024,-0.77492,0.58941,-0.0063582,0.032831,-0.022134,-0.4703,1.5254,-0.5046,0.4194,-0.81382,0.82578,-0.45552,0.27939,-1.6378,-0.27037,1.9226,0.92076,-1.4002,-0.64948,2.7324,-0.53426,-0.085065,0.78629,-0.16058,-1.2146,0.43681,2.5083,-0.28772,-0.82319,0.78826,0.13326,-0.65088,-0.81423,-0.27182,-0.67905,1.9996,-0.66125,-0.13114,-0.66733,-0.52746,4.9804,0.84971,-0.19896,-0.58045,-0.10751,-3.1025,-0.10723,0.54276,-0.65218,-0.633,-0.18417
-0.38553,-0.69378,1.8355,-0.072114,3.3161,0.70279,-0.52029,5.4075,-0.41109,0.066171,-0.48533,-0.59978,0.68143,0.4598,-0.086722,-0.28255,1.9356,-0.38905,0.38313,-1.0048,0.34184,-0.1585,-0.19604,-1.5859,-0.059119,0.85792,0.30591,-1.5443,-0.42356,2.9374,-0.54156,0.00097504,0.49512,-1.3138,-1.2821,-0.20766,0.96312,-0.81683,-0.88368,0.70846,0.29348,-0.39192,-1.1779,-0.075545,-0.94141,0.67386,0.33008,-0.20359,-0.69731,-0.40212,2.3814,-0.4119,-0.11287,-0.51915,-0.77734,-2.1335,1.1121,0.60906,-2.4141,-0.82557,0.24969
-0.59307,-0.3872,1.217,-0.38858,1.9723,0.31412,-0.48165,3.0047,-0.61199,-0.2915,-0.14897,-0.12332,0.47977,0.027163,0.93168,-0.17221,1.2423,-0.45331,1.6715,-0.47889,0.10956,-0.10023,-0.70887,-1.352,-0.35038,1.0057,0.65844,-1.8747,-0.10021,3.0678,-0.92276,0.043399,0.26251,-0.09104,-1.2791,-0.52989,1.4518,-0.11376,-0.87509,0.76328,-0.62439,-0.36367,-0.17109,0.040364,-1.082,0.39581,0.23021,-0.071657,-0.42659,-0.63595,2.3535,-0.75102,-0.16158,-0.55709,-0.53659,-1.074,0.29262,0.75862,2.3694,-1.2529,0.56615
-0.55699,-0.14382,1.023,-0.65159,1.7298,-0.21887,-0.63224,2.7217,-0.51554,0.058634,-0.25386,0.13284,-0.27436,-0.35925,1.6476,-0.48471,0.93183,-0.40543,1.1631,-0.65791,0.051482,-0.2747,-0.76845,-0.98315,-0.1875,0.32819,0.15399,-1.9392,-0.37291,2.5766,-1.1301,-0.096611,-0.13024,-0.27258,-1.1538,-0.91417,0.9048,1.1775,-0.99186,0.38898,-0.62145,-0.25904,0.13553,-0.26281,-0.40455,1.625,0.17282,0.084935,-0.81181,-0.29939,2.1148,-0.95685,-0.19902,-0.47125,-0.76005,0.7492,0.38567,0.24819,2.9957,-0.99787,-0.30468
-0.7146,-0.20761,0.83152,-0.64899,1.3175,-0.10607,-0.66423,1.757,-0.30004,-0.0080995,-0.58461,-0.17221,-0.19449,-0.34439,0.85127,-0.38888,0.99088,-0.38663,0.18124,0.02124,0.22665,-0.44993,0.50668,-1.0356,-0.21645,0.83194,0.70755,-1.7281,-0.20535,3.174,-0.97969,-0.15961,-0.33379,-0.29391,-0.67926,0.41177,0.95917,0.79997,-0.44848,0.1535,-0.5377,-0.25056,0.40825,-0.029675,-0.43955,3.8955,-0.22261,-0.029234,0.7444,-0.39953,1.2877,-0.3451,-0.19028,-0.054988,-0.28857,0.20091,-0.24063,0.10198,0.036721,-0.69426,-0.30368
-0.23016,-0.37946,-0.055964,-0.18896,0.84195,0.0071295,-0.61422,4.7828,-0.34945,-0.013458,-0.43334,0.49804,-0.52694,-0.55589,1.9218,-0.48662,1.0014,-0.4968,1.2431,-0.44124,0.71926,-0.17774,-0.60897,-1.3615,-0.0050321,0.56463,0.56948,-1.7987,-0.51721,4.0451,-0.62028,-0.10657,-0.19947,0.06439,-0.89514,9.0954,1.5799,0.90558,-0.53472,0.61455,0.25676,-0.43498,-0.78584,-0.42041,-0.95185,3.0493,-1.437,-0.21072,-1.0919,-0.16755,0.75358,0.062464,-0.091374,-0.20049,0.15753,-1.0334,0.55572,0.12805,0.36836,-1.2966,0.085614
-0.4416,-0.71859,-0.58881,-0.31169,1.0875,0.11877,-0.65528,4.283,-0.080864,-0.054557,-1.3337,-0.19724,-0.081563,-0.5196,0.5629,-0.23436,1.4681,-0.43087,0.49632,0.45825,0.68724,-0.89447,0.50212,-1.2698,0.17408,0.85321,0.51939,-1.3651,-0.35912,5.5607,-0.44188,0.038723,0.30433,-0.21284,-1.1158,5.3158,0.87724,0.4212,-0.49683,0.48796,-0.35005,-0.21856,-0.90743,-0.21206,-0.6805,4.1974,-1.1294,-0.17436,0.84081,-0.28585,0.16095,-0.0028335,-0.1387,0.036127,-0.33145,-1.4555,0.39209,0.44642,-1.1784,-0.68579,-0.42649
-0.0081833,-0.53113,-0.22334,-0.45721,0.5637,-0.23822,-0.56628,2.4591,-0.077652,-0.27211,-0.79056,-0.12787,-0.05685,-0.41918,0.60301,-0.23161,0.933,-0.21918,0.17926,0.30332,0.61704,-0.49616,1.0404,-0.65558,0.31753,0.81357,1.2505,-1.4847,-0.5186,4.4493,-0.47203,-0.11775,0.35681,0.065654,-1.0174,3.5716,1.0524,0.91765,-0.25739,0.28488,-0.21395,-0.2683,-0.24306,-0.08636,-0.64998,4.3428,-0.91311,-0.082443,1.6561,-0.24239,0.74659,0.55712,0.00020075,0.20502,0.048232,-1.062,0.22139,0.2961,0.26029,-0.0068107,-0.40729
-0.83927,-0.98027,-0.36382,-0.30975,-0.21166,-0.18575,-0.44962,2.2341,-0.20775,-1.249,-0.69223,0.40205,0.12328,-0.17639,-0.33184,-0.24297,1.7547,-0.28145,1.1958,-0.35977,0.73204,-0.34024,1.4796,-0.90388,0.20189,0.514,0.59955,-1.5613,-0.55509,2.1464,-0.58647,-0.21369,0.099975,-0.14937,-0.79177,3.0021,0.95262,1.1173,-0.56929,0.83318,-0.95589,-0.48326,-0.9983,0.24201,-1.0094,2.4188,-1.0526,-0.22533,0.76834,-0.18242,0.4022,0.21925,-0.13088,-0.0022248,-0.15299,-0.84503,-0.15521,0.085307,1.464,-0.88685,0.62813
1.8083,-0.44831,0.084296,-0.47089,0.9611,-0.42841,-0.62913,1.5204,0.21646,-0.28144,-0.58668,0.15868,1.0048,-0.078797,1.9143,-0.44811,1.8536,-0.3728,0.44275,0.19499,0.021471,-0.37525,0.58562,-0.78335,0.1187,0.9079,0.42321,-2.199,-0.7216,4.6405,-0.52791,-0.081504,-0.55757,0.12099,-1.3306,2.4478,-0.084062,0.28382,-0.58905,0.23613,-1.0525,-0.22248,-1.5096,-0.13651,-1.335,2.8863,-1.0335,-0.07487,0.64614,-0.35402,-0.20115,-1.3358,-0.084816,-0.065134,-0.01598,0.73339,-0.98176,0.28648,2.5609,-0.41073,0.068287
7.9755,-0.27885,0.050585,-0.93014,1.1027,-0.17833,-0.8506,1.2905,0.27166,0.16684,-1.0154,-0.25802,0.54152,0.00074949,3.1063,-0.61084,1.1101,-0.43379,-1.297,-0.38939,0.57314,-0.66876,0.037442,-0.36827,-0.28782,0.72004,0.8419,-2.1487,-0.81368,4.4784,-0.72777,-0.095653,-0.36224,0.18925,-1.2237,1.284,0.34195,-0.26839,-0.9044,-0.11486,-0.81184,-0.22209,-1.0163,-0.79585,-1.5212,2.2735,-0.75152,-0.098532,0.48723,-0.67345,0.50006,-0.86778,-0.16179,0.0053591,-0.065884,0.31641,-1.0983,0.2414,2.1906,-0.67621,-0.26365
3.8405,-0.52496,-0.75674,-0.94715,-0.052067,0.24947,-0.59422,2.7949,-0.033771,-1.0671,-0.44977,0.18711,-0.29642,-0.1181,1.3752,-0.4407,1.0492,-0.399,0.22683,-0.36694,2.1095,-0.10441,-1.366,-1.5167,-0.20502,0.33855,0.54603,-2.2688,-0.72691,1.9114,-0.92109,-0.091103,-0.16466,0.27668,-0.95687,1.6472,1.3922,0.56984,-0.90386,1.0377,-0.70938,-0.39561,-1.2138,-0.58811,-1.1965,0.57438,-1.5134,-0.16959,-0.29836,-0.73436,0.0053626,-0.65154,0.0012592,-0.1565,-0.45474,-0.82129,-0.63552,0.157,0.57899,-1.2578,0.63459
3.5741,-0.37608,0.32507,-0.91442,0.27539,-0.51154,-0.74904,1.9953,-0.0074006,-0.64375,-0.54393,0.6111,-0.20213,-0.32879,1.1971,-0.32671,1.3286,-0.33857,-0.93283,-0.16752,0.88809,-0.422,0.63657,-0.63783,-0.30283,0.32319,0.4494,-2.1537,-0.85791,3.0446,-1.2795,-0.18962,-0.31245,-0.80989,-1.1486,0.11476,0.39597,0.77279,-0.80647,0.14024,-0.2453,-0.066964,-0.39108,-0.58994,-0.71456,2.2795,-0.53693,0.090889,1.1137,-0.67257,0.12484,-0.58163,0.094786,0.049852,-0.65035,0.58263,-0.43659,-0.075907,0.51259,0.024176,-0.055732
2.6639,-0.67293,0.58767,-0.98722,-0.23252,-0.25336,-0.50252,3.2321,-0.18322,-1.1227,-0.70738,0.84122,0.072643,-0.52739,0.48637,-0.46545,1.256,-0.35801,-0.49401,-0.37448,0.6521,-0.35765,-0.30896,-0.72986,-0.53385,0.021787,0.38907,-1.149,-0.53635,1.9746,-0.88296,-0.1967,-0.10306,1.324,-1.1188,6.2745,0.62185,0.45834,-0.50803,0.30787,-0.12961,-0.38041,-0.58815,-0.20232,-0.97241,1.4937,-1.1732,-0.24491,-0.79237,-0.53527,0.77211,0.75155,-0.10591,-0.2002,-0.33325,-1.5821,0.44191,-0.076747,1.5478,-0.83466,0.72178
2.2816,-0.8475,0.0086309,-0.63214,-0.25887,-0.32867,-0.32524,4.5235,-0.209,-1.1055,-0.72401,0.62322,0.057854,-0.5293,0.29476,-0.50671,1.0525,-0.55381,-0.39301,0.031782,1.1881,-0.24408,-0.40742,-1.0208,-0.3755,-0.12006,0.54441,-1.4465,-0.89819,2.9218,-0.57138,-0.22163,0.19627,1.2575,-1.0332,9.0735,0.65433,1.0646,-0.45898,0.26516,-0.3548,-0.42393,-0.61544,0.035729,-0.56479,1.3075,-1.8341,-0.16731,-0.69899,-0.62154,0.43879,0.97755,0.042638,0.32573,-0.10198,-1.562,0.32832,-0.1139,1.5146,-0.99521,0.37176
1.36,-0.73942,0.32217,-0.54872,-0.49903,-0.51582,-0.47756,3.7058,-0.040186,-0.82564,-0.67327,0.1407,0.38173,-0.34223,-0.10554,-0.20883,1.1603,-0.35976,-0.99657,-0.88752,0.66703,-0.43229,-0.24957,-0.49933,-0.058908,-0.15979,0.096172,-1.5483,-0.95603,1.1179,-1.1678,-0.1653,0.41465,-0.40188,-0.95815,2.8674,0.55002,0.92515,-0.61634,-0.03351,-0.91915,-0.26511,-0.050234,-0.20102,-0.68117,0.8472,-0.0081277,-0.16499,-0.32368,-0.72429,2.082,0.79421,0.10152,0.66795,-0.27105,-0.20521,-0.82989,-0.13909,0.60041,-0.095798,0.14115
0.77369,-0.34765,0.32315,-0.45666,-0.37046,-0.85348,-0.51312,3.1153,-0.20348,-0.50064,-0.28066,0.031769,-0.35472,-0.52146,0.21907,-0.1977,1.1253,-0.36021,-1.0408,-0.49683,-0.27296,-0.19689,-0.46783,-0.35023,-0.26058,-0.58563,-0.19394,-1.3526,-0.39281,0.6899,-0.79425,-0.14377,0.52309,-0.34266,-0.95519,1.7476,0.15041,0.20123,-0.48917,-0.076849,-0.8207,-0.27979,-0.15875,-0.012357,-0.48767,0.65001,-0.0084417,-0.1829,-0.65245,-0.4191,1.3189,1.5436,-0.051709,0.5272,-0.45254,-0.14196,0.72489,-0.13974,0.47516,-0.17003,0.3612
0.54424,-0.59084,0.38031,-0.2455,0.14649,1.0441,-0.53707,2.4669,-0.15532,-0.48977,-0.56268,0.60605,-0.46376,-0.44623,0.42733,-0.49501,1.9005,-0.17125,-0.55812,0.18578,-0.34635,-0.29449,1.446,-0.65722,-0.3989,-0.63724,-0.79699,-1.4835,-0.084068,1.8639,-0.42026,-0.14921,0.11916,-0.45453,-1.3032,0.34913,-0.21579,-0.37434,-0.37373,-0.21934,-1.1402,-0.34914,-1.2656,0.084173,-1.0797,1.0816,-0.45106,-0.21767,-0.071464,-0.70633,-1.182,-0.0831,-0.0018459,0.45103,-0.43619,-0.33529,0.24979,0.2518,-0.25381,0.62452,0.49257
0.14136,-0.17543,0.1861,-0.35301,-0.040349,1.9587,-0.50598,1.7858,-0.056356,-0.28716,-0.11068,0.41721,-0.56502,-0.38301,0.045871,-0.49924,1.9253,0.00079691,-0.46403,-0.37616,-0.10752,-0.14473,0.35476,-0.51679,-0.41873,-0.03004,-0.58515,-1.1243,-0.43838,0.82081,-1.0037,-0.16002,0.22595,-0.75392,-1.2513,0.56918,0.39405,0.33742,-0.64297,-0.23291,-0.26246,-0.52168,-0.49426,0.024263,-0.96386,1.2422,0.06947,-0.1532,-0.23809,-0.60495,0.3638,0.85004,-0.089441,0.13277,-0.71247,-0.64823,-0.21714,0.10361,0.28219,0.76574,0.74913
0.30252,0.38444,0.41287,-0.18701,-0.36839,0.7365,-0.46921,1.1281,0.05815,0.67026,0.35244,0.14914,-0.51956,-0.2828,0.28047,-0.60577,1.9398,-0.30604,-1.0066,-0.66231,-0.088165,0.096468,-0.26232,0.083282,-0.22213,-0.048485,-0.41159,-1.2508,-0.83701,-0.089874,-0.83327,-0.21628,-0.045042,-0.22799,-1.5259,1.3479,0.15662,0.17518,-0.77095,-0.38509,0.23745,-0.41831,-1.0477,0.084592,-0.83116,0.8975,-0.39159,-0.0087278,-0.92036,-0.82253,1.3647,0.73649,-0.058069,0.27094,-0.8448,-0.2092,0.64488,-0.16909,1.4637,0.099476,0.67754
0.19313,-0.068381,-0.26289,-0.15423,0.96021,0.67391,-0.4985,0.71273,0.076485,0.24907,-0.3331,0.26872,-0.44184,-0.27847,-0.10947,-0.40612,1.5805,-0.36387,-0.88135,-0.20406,-0.56448,-0.24463,0.054816,-0.18874,-0.039631,0.4513,0.087621,-0.79436,-0.77985,1.1969,-0.49397,-0.14434,0.073421,-0.42896,-1.2293,1.5465,-0.11087,0.06361,-0.65478,-0.31891,0.40922,-0.26873,-0.85934,0.10657,-0.74147,1.1089,-0.18598,0.0020488,-0.40022,-0.49097,1.6969,1.5657,-0.039418,0.28642,-0.94911,-0.15437,-0.35696,-0.2088,0.51235,0.34531,0.30813
0.28959,-0.092139,-0.38808,-0.20314,1.7652,0.012378,-0.51007,0.43833,-0.40643,-0.22751,-0.10561,-0.048634,0.21412,-0.14564,-0.06651,-0.39774,2.3103,-0.34613,-0.59026,-0.94212,0.0055901,-0.1161,-0.78046,0.14739,-0.14581,0.30477,0.030982,-1.0946,-0.96647,1.5547,-0.71822,-0.3162,-0.52558,0.030793,-1.2487,2.1274,0.05874,0.5695,-0.57362,-0.33521,-0.30107,-0.18619,-0.56031,0.024685,-0.8581,0.22556,0.87164,0.1381,-1.6812,-0.32077,2.0017,1.3692,-0.094927,-0.37328,-0.40064,-0.068761,0.21547,-0.24605,2.5035,0.031302,0.85384
0.36563,-0.50644,-0.076511,0.042242,3.0594,-0.2436,-0.45691,-0.049005,-0.63581,-1.1331,-0.179,0.079707,0.049102,-0.16504,-0.44117,-0.33089,2.6498,-0.36449,-0.35975,-1.1925,1.0817,-0.17983,-2.2857,0.30384,0.056001,1.99,-0.093291,-0.3141,-0.84096,1.6641,-0.68977,-0.51929,-1.1597,1.4154,-0.97342,5.7396,0.49581,0.015158,-0.7042,-0.25995,-1.0273,-0.14242,-0.9765,-0.030178,-1.1986,-0.93321,0.88533,0.070687,-3.479,-0.62323,0.58325,-0.24505,-0.28791,-0.81961,-0.66552,0.99679,0.53932,0.045849,4.6903,0.24797,2.1164
-0.34518,-0.03246,-0.15861,-0.40586,3.5363,-0.16933,-0.76194,-0.27371,-0.64589,-0.53657,0.42682,0.33657,-0.46038,-0.9531,2.408,-0.15029,2.5891,-0.13968,0.26451,-0.85895,-0.02261,-0.11246,0.1143,-0.22126,0.050189,0.96498,0.23429,-0.10957,-0.50416,3.9021,-0.56157,-0.24287,-1.1447,0.048456,-1.0557,4.5067,-0.6772,-0.20272,-0.5858,-0.48543,-1.683,-0.12969,-0.52353,-0.5142,-0.99766,-0.93465,1.4455,-0.043353,-0.61447,-0.044219,-2.0569,0.039985,-0.22474,-0.66966,-0.52134,1.2301,-2.0809,-0.28967,4.9546,1.1045,1.1443
-0.33661,-0.20118,-0.11347,-0.54488,2.9273,-0.50887,-0.8196,0.029149,-0.24673,-0.37495,0.016196,0.030395,-0.14594,-0.41471,2.7743,-0.016679,1.2608,-0.17402,-0.76216,-0.66682,-0.1066,-0.48967,0.84844,-0.1102,0.30227,1.0843,0.15722,0.048292,-0.91188,5.1537,-0.96859,-0.2553,-0.62274,-0.92567,-0.53298,3.1886,-0.14494,-0.48937,-0.53592,-0.55451,-0.41113,0.088815,0.064297,-0.5575,-0.76048,-0.96718,1.1346,0.013382,0.77391,-0.061929,-0.52216,-0.59068,0.20198,-0.10171,-0.36261,0.41339,-0.77672,-0.22905,0.063159,0.68388,0.44331
-0.36075,-0.50476,-0.36169,-0.34254,2.5478,0.12715,-0.82845,0.39569,-0.3274,-0.1022,-0.52465,-0.11748,-0.46803,-0.35408,1.9738,-0.060662,0.58593,-0.25161,-0.99607,-0.044368,-0.30754,-0.63419,0.47324,-0.30006,0.22023,0.74717,0.27601,0.079662,-0.784,5.1647,-0.72067,-0.18533,-0.11122,-0.58648,-0.24803,1.2724,-0.19296,-0.089411,-0.58973,-0.30657,-0.43587,-0.006711,-0.082169,-0.20668,-0.61821,-0.30238,0.0079245,-0.032559,1.8708,-0.22857,-0.83938,0.27024,0.14867,-0.013009,-0.46226,-0.84147,-0.78351,-0.12346,-0.92389,0.66072,-0.13465
-1.0276,0.085237,-0.33926,-0.67261,2.1919,0.80237,-0.65692,0.28488,-0.091413,0.47599,-0.21182,-0.65718,-0.58302,-0.32186,1.5327,-0.11554,0.39393,-0.20426,-1.2207,1.3054,-0.51932,-0.48035,0.7897,-0.096279,0.22563,0.25632,0.17644,-0.62494,-0.2949,5.4287,-0.37985,0.16252,0.23272,-0.016419,-0.68131,0.35863,-0.50343,0.1799,-0.33687,-0.62272,-0.70546,-0.26251,-0.53589,-0.84503,-0.70899,-0.3478,-0.89452,-0.11684,2.1349,-0.54029,-1.5328,1.0759,-0.019303,0.31085,-0.28854,-0.63576,-1.2552,-0.34812,-0.72021,0.5812,-0.5863
-0.5789,-0.27945,-0.39141,-0.5327,1.3306,0.62921,-0.36042,2.0266,-0.2765,-0.10011,-0.23143,-0.75241,-0.35822,-0.29955,1.1792,-0.27906,-0.28281,-0.30422,-0.68619,0.88229,0.20812,-0.37814,0.15103,-0.65514,-0.084704,0.50605,0.43265,-1.2228,-0.42323,3.628,-0.41284,0.048895,0.49942,-0.41979,-0.56483,0.70605,0.44267,-0.30459,-0.1731,0.088035,-0.19407,-0.38098,-0.61297,-0.90923,-0.85494,-1.3304,-0.98309,-0.32245,1.284,-0.45522,-0.24284,1.1892,-0.074387,0.088857,-0.029728,-0.46043,-0.37564,0.37984,-0.98811,-0.17852,0.14608
-0.78121,0.058756,-0.7997,-0.84963,1.0665,0.74091,-0.48647,3.8537,-0.30827,0.29432,-0.34755,-0.77555,-0.46409,-0.56035,0.27693,-0.42628,-0.0069017,-0.26001,-0.25502,0.61055,0.72344,-0.52558,0.8326,-0.33342,-0.29336,0.25761,0.014544,-1.009,-0.86054,3.069,-0.57555,-0.028188,0.55936,-0.645,-0.50499,0.47399,0.40552,0.25145,-0.24494,0.33819,-0.37225,-0.46074,-0.35171,-0.51353,-0.52135,-1.1663,-0.54713,-0.24632,1.4112,-0.61592,0.30906,2.021,0.13782,-0.085727,-0.3513,-0.86373,-0.13667,0.081674,0.27077,0.056881,0.42199
-0.54768,-0.089725,-0.66066,-0.3152,0.71007,0.00070659,-0.53291,2.3354,-0.067404,0.15484,-0.56932,-1.1409,-0.57742,-0.56066,1.3827,-0.38195,0.45772,-0.19671,-1.4392,-0.24563,-0.16288,-0.67023,1.04,-0.47164,-0.088797,-0.50963,-0.14306,-0.78912,-0.58889,2.2727,-0.54951,-0.14542,0.46944,-0.22315,-0.89704,0.035746,-0.73108,0.40498,-0.20477,-0.34688,-0.72944,-0.4768,-0.17731,-0.48844,-0.44215,-1.4989,0.51637,-0.037714,0.5776,-0.55823,0.2046,1.6306,0.29189,0.23206,-0.39351,0.3285,-0.17077,-0.26052,0.71062,0.38722,0.54437
-0.44666,-0.62692,-1.021,0.024062,0.68559,1.5192,-0.60341,1.7658,-0.2498,-0.44549,-0.87348,-0.8914,-0.23969,-0.21059,1.5377,-0.49746,0.0047837,-0.38136,-1.9242,0.504,-0.48496,-0.92643,0.52541,-0.37246,-0.2709,0.20885,-0.036042,-0.98447,-0.95104,1.269,-0.54154,-0.18146,0.57405,-0.49074,-1.2093,-0.0086476,-0.21223,1.0035,-0.44395,-0.4958,-0.43315,-0.54185,-0.5838,-0.3973,-0.64904,-1.7228,0.21036,-0.11906,0.73362,-0.399,-0.86788,1.338,0.17906,-0.019689,-0.51955,1.4345,-1.154,-0.001904,-0.1887,0.39941,0.028883
-0.4169,-0.44492,-0.77517,-0.38803,0.63648,0.73116,-0.56045,1.1485,-0.13135,-0.55861,-0.52376,-0.54411,-0.24241,-0.23735,0.47675,-0.61584,0.42241,-0.37118,-1.3058,0.82484,-0.61289,-0.61829,-0.071421,0.028967,-0.10071,0.27308,0.095111,-0.43307,-0.70492,1.4406,-0.69368,-0.17499,0.15429,-0.52159,-0.4402,-0.46827,-0.30768,0.16076,-0.61565,-0.38526,-0.18739,-0.45022,-0.4002,-0.13998,-0.65417,-1.0188,0.32639,-0.083947,0.6095,-0.53988,-0.78025,0.77159,0.15631,0.21766,-0.78573,0.063007,-0.47129,-0.12842,-0.99426,0.097496,0.76064
-0.49575,-0.70202,-0.71035,-0.38042,0.39071,1.7902,-0.5381,1.1572,-0.20319,-0.96616,-0.68868,-0.34147,-0.29301,-0.55507,0.23139,-0.45728,1.0412,-0.31185,-0.83111,-0.1814,-0.24944,-0.61142,0.8745,-0.35765,-0.10785,0.17679,-0.28433,0.34867,-0.8056,1.5264,-0.93911,-0.199,-0.17923,0.07308,-0.40874,0.79922,-0.32254,-0.019238,-0.45144,-0.35388,-0.55638,-0.36348,0.33691,-0.025017,-0.56678,-0.49671,0.16661,-0.059758,0.037443,-0.49097,-1.488,2.034,-0.095002,0.13606,-0.64649,-0.40266,-0.90981,-0.015677,0.73641,0.4724,1.0726
-0.48259,-0.34244,-0.30504,-0.45344,0.53317,2.3046,-0.48635,0.7996,-0.20456,0.075453,-0.77073,-0.20263,-0.64702,-0.73828,0.19238,-0.47332,1.0522,-0.25608,-0.74757,1.162,-0.16516,-0.44993,3.0104,-0.50543,0.057469,1.2315,0.30389,-0.18121,-0.62443,5.2269,-0.77204,-0.0016236,0.26839,0.39924,-0.82052,0.38609,0.026289,0.07016,-0.095513,-0.15145,-1.2318,-0.078123,0.48619,-0.041356,-0.0055466,0.57401,-0.70149,-0.054882,2.0732,-0.34129,-2.4839,1.6,-0.16786,-0.0034821,-0.076062,-0.57492,-2.438,-0.28187,0.19444,1.1366,-0.43536
-0.484,-0.44279,-0.29554,-0.33591,-0.028103,1.0948,-0.50848,0.40558,-0.27616,-0.65106,-0.3382,0.14307,-0.2636,-0.28622,0.12164,-0.72066,1.4825,-0.31528,-0.031259,0.58838,0.14017,-0.18436,2.3075,-0.49612,0.042104,0.72997,-0.1041,-0.050292,-0.61102,4.6806,-0.95826,-0.21605,-0.56903,1.7495,-1.2954,2.5005,-0.39031,0.7162,-0.3302,-0.26479,-1.2983,-0.20122,-0.38857,-0.21117,-0.71423,-0.26555,-0.18097,0.037112,1.2679,0.035391,-1.8779,0.54322,-0.10726,-0.10442,-0.30805,-0.57577,-1.7924,-0.20487,2.7981,0.18272,0.71744
-0.72723,-0.53748,0.26902,-0.18579,0.036963,0.85918,-0.47465,0.080759,-0.15853,-1.0113,-0.20134,-0.043585,-0.067567,0.042077,-0.011831,-0.76668,1.805,-0.25017,0.62843,-0.62335,-0.18431,-0.10707,1.0749,-0.70782,0.12415,1.3014,-0.18716,-0.45388,-0.88019,2.0884,-0.88015,-0.26126,-0.7015,0.99832,-0.72876,2.2914,-0.44507,0.50625,-0.57267,-0.42942,-1.2968,-0.33831,0.0020054,-0.16726,-0.63926,-0.25749,1.0092,-0.035314,-0.68808,-0.27824,0.32649,1.0702,-0.15965,0.022665,-0.73703,0.4728,-0.79724,-0.32916,3.7742,0.32676,1.4297
-0.64985,-0.61055,0.56562,-0.19915,0.086545,0.50203,-0.4444,-0.3984,-0.12897,-0.70952,-0.52117,-0.14164,-0.26281,-0.16686,0.042144,-0.60542,0.93939,-0.24486,0.37816,-0.49153,0.69476,-0.25363,0.97789,-0.86558,-0.081924,1.2087,-0.29289,-0.52266,-0.14635,3.3698,-0.88373,-0.30552,-0.27435,-0.37869,-0.69184,2.0602,-0.088696,0.17773,-0.30738,0.13978,-0.78055,-0.28194,-0.16146,-0.18517,-0.78849,-0.63914,0.7609,-0.17709,-0.28348,-0.10982,-0.0065369,0.56323,-0.078774,-0.031907,-0.26526,0.44969,-0.48918,-0.58098,0.25974,0.074133,0.59765
-0.42161,-0.3403,-0.18243,-0.2285,0.11255,0.33787,-0.34972,-0.11398,-0.23423,-1.1187,-0.10297,-0.40187,-0.28723,-0.088256,0.14481,-0.71438,1.4789,-0.16349,1.1777,-0.97287,0.60142,-0.028493,0.30482,-0.69854,-0.31201,0.44699,-0.5046,-0.60755,-0.35214,1.806,-0.79683,-0.44157,-0.31727,0.22876,-0.73131,1.1652,0.20927,0.079484,-0.67366,0.68233,-0.65654,-0.37679,0.38512,0.0043423,-0.65929,-0.35482,1.1536,-0.24416,-1.3112,-0.10143,0.57754,1.3444,-0.0401,-0.21525,-0.68276,0.24545,-0.098248,-0.60576,2.4904,0.13093,1.0228
-0.33192,-0.38939,0.55508,-0.28842,0.054611,0.11205,-0.40536,0.24735,-0.078166,-0.79029,-0.41021,-0.53377,-0.10271,-0.297,-0.042542,-0.51277,0.68256,-0.26833,0.56665,-0.075829,0.062352,-0.23115,1.476,-0.39866,-0.10558,1.231,-0.0081333,-0.59379,-0.22371,3.4638,-1.0202,-0.32965,0.20977,-0.34123,-0.60378,0.33292,0.62215,0.17992,-0.27692,0.36983,-0.89839,-0.29544,0.1542,0.011342,-0.41855,-0.66619,-0.12545,0.008496,0.68067,-0.12113,0.5184,1.2838,-0.096832,0.18529,-0.12483,0.46023,-0.78802,-0.4929,0.28118,0.12114,0.3056
-0.3325,-0.21477,-0.38598,-0.4891,0.06067,-0.12443,-0.54397,-0.0033645,-0.30652,-0.70698,-0.043037,-0.34867,0.59557,0.14084,0.38034,-0.5445,0.51891,-0.31569,0.33003,0.045161,0.40389,0.10532,1.2505,-0.065504,-0.36401,0.49358,0.13508,-1.0022,-0.74193,2.6601,-0.76055,-0.17738,-0.45715,0.15505,-1.1288,-0.027546,0.16945,-0.10145,-0.45459,0.10463,-1.1073,-0.23573,-0.069012,-0.321,-0.56548,-1.0158,0.14877,-0.052273,0.78626,-0.34425,-0.9843,0.24444,-0.057159,-0.03775,-0.056793,0.084148,-1.0301,-0.19896,1.6766,0.046363,0.51073
-0.63158,-0.18377,4.5073,-0.45161,1.5745,-0.17036,-0.71221,-0.235,-0.292,-0.51104,-0.65551,0.053636,-0.21928,0.024689,1.7677,-0.92043,0.75393,-0.32845,1.1015,0.046146,-0.21602,0.055864,0.78218,0.0237,-0.36926,0.68469,0.64705,-0.9475,-0.81141,1.4363,-0.69394,-0.37908,-0.61394,-0.44426,-1.0678,0.93977,-0.24589,-0.38732,-0.65637,0.17155,-0.36383,-0.2395,-0.19728,-0.3307,-0.52001,-0.43631,1.9691,-0.051543,0.23161,-0.43156,1.186,0.38162,-0.17533,-0.24155,-0.079581,2.2179,-0.62813,-0.22012,2.4515,-0.6121,0.055908
-0.77641,0.099935,9.8821,-0.19719,1.1394,-0.56309,-0.68855,-1.0215,-0.33105,0.84558,-0.44938,-0.1858,-0.13402,-0.22733,0.98231,-0.8766,1.9006,-0.33681,0.6236,-0.98406,-1.0731,-0.20932,0.037583,-0.10187,-0.42908,0.17374,-0.36023,-0.76607,-0.4235,0.68701,-0.77376,-0.38013,-0.49595,-0.72747,-0.88408,1.1076,-0.52935,0.27543,-0.49326,-0.14403,-0.39875,-0.28733,-0.25391,-0.3278,-0.4372,0.86187,1.7068,0.094798,0.55447,-0.23117,0.53835,0.19142,0.057607,-0.45645,-0.33868,1.2681,-0.78028,-0.4598,1.4883,-0.23171,0.34653
-0.50022,-0.088948,5.7912,-0.23066,0.94772,-0.4678,-0.69706,-0.86606,-0.31771,0.71249,-0.54802,-0.99985,0.080683,0.022297,0.43576,-0.64456,1.3817,-0.23609,0.25913,0.044018,-0.7359,-0.31595,1.0809,-0.28364,-0.5172,0.31293,-0.096901,-0.062764,-0.67703,1.0418,-0.55341,-0.28147,-0.31218,-0.22844,-0.46556,-0.38163,0.11097,0.39095,-0.60476,-0.047369,-0.60328,-0.29529,0.89998,-0.052056,-0.03955,-0.22482,1.3284,-0.039329,1.5742,-0.1479,1.0454,0.89173,0.034153,-0.21701,-0.6565,-0.56185,-0.47733,-0.58634,2.4681,-0.15143,0.59075
-0.17942,-0.42605,3.3008,-0.12457,0.70072,-0.44205,-0.66367,-0.78355,-0.28018,-0.37143,-0.49268,-0.68954,-0.27324,0.23678,-0.29573,-0.52084,2.4084,-0.35844,0.25447,-0.56126,0.074295,-0.40281,0.30596,-0.62067,-0.38029,-0.43145,-0.39407,-0.38871,-0.7702,0.18813,-0.46825,-0.43301,-0.75951,0.31027,-0.96631,0.082111,-0.6447,0.12578,-0.59581,0.34515,-0.51771,-0.29579,-0.13479,0.16137,-0.45594,0.58575,1.799,-0.066191,-0.7083,-0.41644,-0.88054,0.45103,-0.18345,-0.12943,-0.71592,0.24802,0.41134,-0.2913,3.1504,-0.35932,1.7013
-0.29522,-0.62366,2.5509,-0.20352,0.79665,-0.51486,-0.59544,-0.76238,-0.17495,-0.56387,-0.28131,-0.568,0.027549,0.18931,-0.45792,-0.46165,1.917,-0.38357,0.13738,-0.86029,-0.038429,-0.26942,-0.28069,-0.54369,-0.16395,-0.11183,-0.3369,-0.1394,-0.68136,-0.33916,-0.51276,-0.25538,0.25745,-0.46859,-1.0993,0.40001,-0.54971,0.096004,-0.39484,0.42904,-0.074595,-0.21668,-0.70256,-0.0016711,-0.60606,0.53984,2.2445,-0.10138,-1.2118,-0.45502,-1.0714,1.1825,0.081807,-0.08668,-0.95472,0.62541,0.45247,-0.23475,1.2343,-0.14202,1.8867
-0.40662,-0.46329,2.6652,-0.30309,0.46122,-0.63214,-0.56912,-0.61125,-0.18778,0.11578,-0.68286,-0.74037,0.011377,-0.24511,-0.32622,-0.37862,-0.43947,-0.23993,0.014208,0.58573,-0.32688,-0.36873,1.9166,-0.18971,-0.36054,0.49161,0.30038,0.25611,-0.50697,2.4652,-0.67574,-0.14494,0.54582,0.10617,-0.66849,-0.056009,-0.15848,0.77979,-0.12495,0.27039,-0.92485,-0.14602,0.95059,-0.11748,-0.21453,-1.4719,0.26864,-0.039298,2.2682,-0.24328,-1.1308,1.8134,0.0078672,-0.014074,-0.38247,0.48996,-2.2049,-0.51076,-0.29581,0.64631,0.079043
-0.40405,-0.37506,1.9669,-0.13335,-0.17722,-0.88777,-0.54001,-0.29029,-0.12165,-0.16451,-0.45216,-0.85181,0.25297,0.064322,-0.18269,-0.41951,0.17973,-0.077443,0.53453,-0.20645,-0.70019,-0.14026,0.51565,0.0095685,-0.34612,-0.31705,-0.35362,-0.2685,-0.26349,1.1855,-0.96034,-0.30854,0.046287,1.539,-0.4264,0.39507,-0.32709,1.362,-0.39597,0.43333,0.43775,-0.43001,0.68242,-0.1156,-0.40475,-1.0766,1.1703,-0.22782,1.178,-0.1277,0.022075,2.2249,-0.11973,0.13325,-0.23406,0.41379,0.5719,-0.43631,-1.2254,0.22188,1.0143
-0.36219,-0.29051,0.25629,0.11426,0.26526,-0.84957,-0.4984,-0.2664,-0.21797,-0.6906,0.12068,-0.89513,-0.14187,0.13975,-0.18111,-0.45031,1.6611,-0.27095,0.42747,-0.30897,-0.50096,0.050698,0.062329,-0.304,0.12281,-0.67514,-0.8267,-1.0696,-0.66208,0.50116,-0.8957,-0.37888,-0.27555,0.54232,-0.88819,-0.080896,-0.51398,0.38393,-0.67064,0.078451,-0.054262,-0.36765,-0.65091,0.0061955,-0.5816,-0.89729,2.1167,-0.13234,-0.22326,-0.38944,-0.23295,0.9426,-0.02741,-0.070008,-0.62382,0.29892,0.827,-0.060116,0.9592,-0.37928,1.4703
-0.51266,-0.17889,4.3847,0.093192,0.18481,0.99017,-0.55224,-0.81679,-0.2863,-0.38192,-0.15505,0.48294,-0.19547,0.3117,0.30309,-0.76354,0.74466,-0.46407,0.92869,-0.61759,-1.4149,0.0025336,0.054014,-0.12536,-0.14569,-0.011389,-0.76928,-0.89378,-0.53618,-0.1226,-1.0261,-0.32435,0.04239,-0.0085702,-1.0719,2.1295,0.30641,0.36212,-0.45855,-0.11661,-0.36263,-0.43015,-0.93549,-0.16174,-0.45763,0.62979,2.2314,-0.07969,-0.26996,-0.80009,-0.21547,0.86964,0.035205,0.041546,-0.60283,2.1527,1.3651,-0.15053,1.0363,-0.1822,1.1053
-0.98222,-0.65082,11.415,0.47924,0.97511,1.2841,-0.51165,-0.9111,-0.52924,-1.1489,-0.4981,0.098388,-0.19184,0.67953,-0.58497,-0.79291,1.5897,-0.49842,1.737,-0.78959,2.1225,-0.17862,-0.82223,-1.2467,-0.35449,-0.46363,-0.024643,-1.0587,-0.53144,-0.94385,0.099894,-0.57511,-0.37119,-0.49141,-0.97964,6.0936,0.77345,-0.24467,-0.72349,0.34815,-0.18901,-0.6082,-1.7299,-0.29685,-1.1035,1.1448,1.9615,-0.15463,-0.71671,-0.95802,0.97529,-0.4827,-0.19808,0.090271,-0.85675,4.2018,3.2782,-0.42769,2.2517,-0.78567,1.7673
-1.1107,-0.94475,8.2758,0.29315,1.959,0.43371,-0.53317,-0.74418,-0.31229,-1.2046,-0.79059,-1.3365,0.1355,0.29113,-1.1303,-0.74066,1.2062,-0.29701,1.216,-0.16251,2.713,-0.26055,-0.29854,-1.1444,0.0070951,0.092803,-0.12821,-0.85717,-1.0057,0.30963,-0.4891,-0.51371,-0.12393,-0.49006,-0.68563,2.6994,0.53199,-0.38542,-0.82637,0.55988,-0.56217,-0.56484,-0.53278,-0.41378,-1.1488,-0.4944,1.1482,-0.1637,0.055544,-0.59545,0.60836,-0.39143,0.036314,0.86656,-0.50482,1.8527,1.5856,-0.51749,2.5067,-0.52445,1.1955
-0.92751,-0.15268,5.5832,0.31703,0.98161,0.80481,-0.55834,-0.51951,-0.30375,-0.50499,-0.099338,-0.88913,0.046677,-1.454e-05,-0.36559,-0.69611,1.9239,-0.32011,1.2335,-0.50113,0.8543,-0.090212,0.28891,-0.55999,-0.13478,-1.0866,-1.0362,-0.96508,-0.3993,-0.11953,-0.99715,-0.59899,-0.095929,-0.10494,-0.92588,0.9549,0.72971,-0.57218,-0.57504,0.4851,-0.66861,-0.55878,-1.0286,-0.36867,-0.96333,-0.24341,2.0772,-0.068427,-0.37105,-0.84712,0.19028,-0.091796,-0.098615,0.24965,-0.54761,-0.12736,1.6395,-0.3645,2.2003,-0.56475,1.2755
-0.52479,-0.68059,3.0887,-0.62009,0.22464,0.73515,-0.4192,-0.39663,-0.51707,-0.46474,-0.6652,-0.41472,-0.6635,0.0063732,-0.82642,-0.76748,1.4222,-0.30284,0.76343,0.67885,1.1795,-0.19786,1.1836,-0.42284,-0.0767,-1.242,-0.94024,-1.3956,-0.33788,1.3259,-1.0677,-0.56276,0.20832,0.4753,-0.92925,-0.041227,0.72083,-0.6153,-0.7456,0.27484,-1.0436,-0.41588,-0.223,-0.25457,-0.59666,-0.41506,1.8193,-0.18922,1.4891,-0.73425,-0.21304,-0.16985,-0.15149,-0.23542,-0.78719,-0.80106,0.31222,-0.08101,2.5234,-0.67125,1.8828
-0.1793,1.1064,3.0626,1.9518,0.98348,0.37717,-0.61263,-0.32275,0.021139,0.010659,1.3655,-0.89612,-0.30628,-0.09642,-0.25933,-0.6238,0.78474,-0.51668,0.23244,0.10524,0.87523,-0.45973,-1.2127,-0.070174,-0.68006,-0.72729,-1.0587,-1.4489,-1.0092,0.3769,-1.007,-0.30882,-0.88281,0.78414,-0.88382,-0.56531,1.2172,-1.2399,-0.80632,0.32553,-0.69366,-0.31697,-1.0138,-0.30027,-0.42906,-1.9977,1.6574,0.30648,0.63243,-0.82609,-0.020212,-1.5609,-0.097329,-0.15953,-0.33441,-1.7045,0.93242,-0.37014,3.1602,-0.78071,2.2511
0.81615,2.9178,2.5093,8.4357,1.6936,-0.19398,-0.82047,-0.43048,0.37911,0.67665,2.492,-1.8295,-1.1818,0.26777,0.50883,-0.81898,0.89638,-0.40675,-0.25289,-0.073325,1.098,-0.7018,-1.0837,0.24661,-0.72788,0.27736,-1.5636,-1.0943,-1.3435,0.62143,-1.0206,-0.10743,-0.90708,0.056412,-1.0626,-0.0017773,3.0063,-0.72798,-0.70318,0.29669,0.22951,-0.38934,-1.4952,-0.39154,-0.22692,-2.7251,1.9819,0.7059,0.092943,-1.0174,1.0025,-1.0722,0.022883,0.42069,0.25928,-2.6201,1.6081,-0.27838,4.3386,0.065837,1.4135
0.51271,2.3265,1.9656,6.1665,1.2612,-0.61083,-0.71622,-0.6569,0.30271,0.63389,1.5271,-0.83505,1.784,0.78399,0.13573,-0.89736,-0.104,-0.38826,0.1287,-0.332,0.13689,-0.63355,1.4146,0.38732,-0.52559,0.5373,-0.58775,0.35272,-0.70727,1.7037,-0.064258,-0.24036,-0.2422,0.028135,-0.59108,0.41639,1.3266,0.13045,-0.56231,0.24159,-0.4151,-0.19303,0.14679,0.19065,0.057524,-1.3078,1.7714,0.013544,0.88001,-0.60095,-0.026756,0.53737,0.23777,0.098155,-0.33623,0.15072,-0.41964,-0.57697,2.9531,-0.23101,-0.47309
0.32608,4.2628,2.0916,5.6052,0.67215,-0.86721,-0.74256,-0.65803,0.098183,4.8785,2.5597,-0.8794,11.013,1.5271,1.2841,-0.84904,-0.56516,-0.48834,-0.91787,-0.10588,-0.32677,-0.49731,1.1538,0.3581,-0.65511,0.64104,0.40972,-0.038419,-1.2536,0.35947,-0.055884,-0.27778,-0.010673,0.09997,-0.30974,0.56726,1.2998,0.012299,-0.70201,-0.1366,-0.42488,-0.14248,0.34735,-0.31149,-0.6292,-1.7228,1.5031,-0.030234,1.2162,-0.82559,1.0468,0.67268,0.29604,-0.18161,-0.81661,1.9328,0.46966,-0.41772,2.2833,6.5896e-05,-0.77853
-0.06152,3.5065,1.6819,4.0412,0.095398,-0.87459,-0.65015,-0.62868,0.10467,4.0339,2.1082,-0.34393,5.1367,0.23918,0.95222,-0.62186,-0.43177,-0.30112,-0.38985,-0.34789,-0.52673,-0.61917,1.049,-0.25527,-0.32075,-0.60062,-0.64785,-0.0621,-0.48222,-0.0034252,-0.92256,-0.24708,0.24887,-0.080308,-0.19397,0.47238,0.36737,0.50472,-0.49896,-0.19001,-0.76243,-0.21647,0.21816,-0.24321,-0.09859,-1.2298,2.4506,-0.095536,0.18646,-0.59383,0.43575,1.8366,0.19798,-0.12666,-0.74611,1.6421,1.1767,-0.28121,1.6387,-0.27573,0.24579
0.33954,3.0293,1.0868,3.1115,0.47005,-0.77912,-0.66422,-0.16745,0.15576,3.2132,1.4873,-0.5554,2.444,-0.24692,0.6393,-0.66458,-0.021448,-0.36014,-0.63423,0.087964,-0.22585,-0.54627,1.4176,-0.11635,-0.53255,-0.099718,-0.35683,-0.26784,-0.57709,0.71257,-0.51943,-0.22388,0.12695,-0.47292,-0.27611,0.30813,0.18138,0.44048,-0.50875,-0.20542,0.047716,-0.2939,0.32198,-0.30604,-0.17222,-1.1674,1.6072,-0.084783,0.66359,-0.46866,0.75741,1.7475,-0.061761,0.056518,-0.66583,-0.17781,0.8479,-0.2066,-0.00823,-0.40736,0.17977
-0.5364,2.3928,0.49869,2.2993,0.18198,-1.0853,-0.63265,-0.02121,0.18141,2.4106,0.89967,-0.56792,1.0698,-0.17565,0.57802,-0.67095,0.16662,-0.28895,-0.37709,0.49985,-0.43615,-0.5096,0.95504,-0.093733,-0.46646,-0.66349,-0.81418,-0.42008,-0.35291,1.0733,-0.75534,-0.12293,0.52536,0.14302,0.096195,-0.12906,-0.27481,0.89407,-0.53933,-0.11284,0.1144,-0.37552,0.70753,-0.28703,0.039163,-0.93465,1.816,-0.2196,1.0088,-0.40628,0.11578,1.9816,0.013452,0.20663,-0.74198,-0.58974,1.9024,-0.16408,0.85847,-0.21037,0.35769
3.1759,2.3527,0.70795,1.5628,0.043748,-0.97642,-0.8635,0.30789,0.025546,2.81,0.79872,-1.4326,0.56374,-0.40516,0.55455,-0.69607,0.18486,-0.19558,-1.9862,0.27169,-0.42448,-0.61798,2.3178,0.17448,-0.53787,-1.0028,-0.96057,0.65601,-0.33357,0.22617,-0.33779,-0.10516,0.5132,-0.13692,-0.23803,-0.14716,-0.58459,0.076805,-0.33739,-0.63165,-0.20638,-0.563,-0.19362,-0.54978,-0.39916,-1.874,1.0142,-0.1833,1.2555,-0.75792,0.13814,2.4535,0.00047088,0.0019125,-0.61872,-0.3248,0.93974,-0.34683,1.1284,-0.083226,0.73526
7.8935,2.0059,0.90809,1.2434,-0.30795,-0.98073,-0.66732,-0.023272,-0.063479,3.2625,0.82197,-1.157,1.2731,0.04754,0.56119,-0.67007,0.11469,-0.41329,-2.0412,0.33296,-0.45047,-0.3058,2.9097,0.64329,-0.024946,-0.46454,0.072545,0.11518,-0.79175,0.038169,-0.15601,-0.051334,0.26638,-0.15733,-0.50647,0.33492,-0.52947,-0.0045843,-0.44642,-0.67543,-0.04266,-0.40169,0.79293,-0.24792,0.076794,-1.5204,0.069487,-0.14271,0.73265,-0.82365,-0.34536,1.7309,0.055283,-0.19878,-0.6152,-0.11321,-0.26996,-0.087936,0.24198,-0.0089676,0.22693
4.2469,1.8057,0.39466,0.24614,-0.49164,-0.57705,-0.68489,-0.42643,-0.29485,2.3804,0.70959,-0.61333,0.25868,-0.34136,0.17029,-0.24642,-0.063986,-0.22691,-1.5759,0.36604,-0.61056,-0.29502,1.6489,0.2541,-0.16964,-1.0296,-0.83016,-0.17433,-0.36759,0.63454,-0.27898,-0.12613,0.27091,-0.65708,-0.62058,-0.12416,-0.61642,-0.19514,-0.24543,-0.62263,-0.15216,-0.2604,-0.081788,-0.1603,0.26608,-1.1469,0.058936,-0.12018,0.51774,-0.79365,-0.9093,1.1503,-0.080256,-0.42776,-0.61334,-0.87144,-0.39957,-0.18661,-0.50408,0.55537,0.33605
3.0979,1.2167,0.0014182,0.089915,-0.71336,-0.1594,-0.72074,-0.3068,-0.19906,1.4499,0.51114,-0.48914,-0.22637,-0.24897,0.019535,-0.12316,-0.047986,-0.21682,-1.2879,1.1096,-0.6266,-0.15851,1.5472,-0.069841,-0.032288,-1.3326,-0.83114,0.35844,-0.51474,0.65173,0.39247,-0.21372,0.24655,1.5541,-0.15594,-0.84756,-0.5867,-0.29723,-0.44288,-0.33516,-0.12133,-0.51703,-0.1685,-0.25117,0.48715,-1.4456,0.12599,-0.27921,0.66161,-0.61638,-0.030638,1.4283,-0.18041,-0.26161,-0.762,-1.3895,0.48257,-0.11301,-1.2349,0.069851,0.45955
2.2005,0.39413,0.062198,0.38171,-0.73896,-0.47273,-0.62121,-0.13493,-0.054405,0.4735,-0.15102,-0.21132,-0.35416,-0.29432,-0.20444,-0.17196,-0.11197,-0.19667,-0.54201,1.0207,-0.049583,-0.2498,1.4385,-0.2374,-0.12405,-1.1876,-0.94591,-0.17109,-0.23409,0.93324,0.27454,-0.16038,0.14866,1.0511,-0.34983,-0.3869,-0.5899,-0.24311,-0.59287,-0.057922,-0.018787,-0.39951,0.22027,-0.10924,0.01715,-1.2576,0.41692,-0.3069,0.95529,-0.33839,-0.5028,1.686,-0.18521,-0.013457,-0.52366,-0.58812,0.12387,-0.02274,-0.9448,-0.39219,0.47274
1.5961,0.0099266,0.255,0.69745,0.51274,-0.45886,-0.6006,-0.54188,-0.40065,-0.12025,-0.29406,0.19428,0.20885,-0.024978,-0.65627,-0.11616,0.44245,-0.13691,-0.17044,-0.10112,1.1736,-0.41715,0.6782,-0.55306,-0.22098,-0.78815,-0.67627,-0.73661,-0.69727,-0.38426,0.22888,-0.29232,0.16465,0.045876,-0.68968,0.15791,-0.41671,-0.75272,-0.71044,-0.15198,-0.045812,-0.46051,-0.22453,-0.089988,-0.3227,-0.68284,0.53172,-0.12113,-0.31581,-0.50837,-0.47511,0.85453,0.045946,-0.37137,-0.69835,0.22579,-0.01836,-0.30249,-0.0080131,-0.36026,0.54227
1.1631,0.085503,-0.15552,0.51216,0.81307,-0.4652,-0.60636,-0.34696,-0.20855,-0.34462,-0.23948,-0.10025,-0.055992,-0.026917,-0.55492,-0.43912,0.20443,-0.13412,-0.041258,0.32932,0.22423,-0.28223,0.67331,-0.40264,-0.21469,-0.81253,-1.1548,-0.33214,-0.36016,0.77374,0.33491,-0.44883,-0.0050441,0.35687,-0.57511,0.016484,-0.33705,0.061343,-0.62436,-0.15449,0.067711,-0.48931,-0.12587,-0.058428,-0.25086,-1.1478,0.88427,-0.13406,0.23907,-0.27579,-0.30251,1.3208,0.20014,-0.22158,-0.82342,-0.18865,0.49411,-0.49215,0.88371,0.29697,0.60082
1.1374,2.2822,0.21212,0.75504,0.45042,-0.6938,-0.51984,-0.36352,-0.11985,2.3446,1.0999,-0.75996,0.59012,-0.16661,1.1131,-0.61805,0.6049,-0.38747,-0.66576,0.54856,-0.17058,-0.12506,0.83543,0.21864,-0.50818,-1.4316,-1.509,-0.37628,-0.35008,1.0071,-0.057759,-0.36297,0.15817,0.47723,-0.37182,-0.3137,-0.86034,-0.13959,-0.7293,-0.21528,-0.29299,-0.42614,-0.1343,0.18862,0.20717,-1.44,1.6338,-0.12859,-0.068624,-0.60263,-0.78155,1.7243,0.022246,0.026852,-0.63966,-0.33917,0.069748,-0.72372,1.6541,0.12269,0.4236
0.83742,1.9304,0.008161,0.45729,0.32912,-0.45942,-0.51769,-0.28796,-0.10743,2.2817,0.49153,-0.39959,0.42687,-0.13341,0.081176,-0.69823,0.28238,-0.27106,-0.80338,0.45633,-0.21217,-0.30094,2.4401,-0.02055,-0.54292,-0.62992,-0.8234,-0.39765,-0.98332,1.7647,-0.16139,-0.39917,-0.11633,1.7318,-0.49869,0.035849,-0.065536,0.089608,-0.90455,-0.20904,0.021784,-0.41477,0.46453,0.27959,0.26775,-1.4879,1.5912,-0.18504,0.7159,-0.59756,0.82407,1.6521,-0.14873,-0.029849,-0.91621,-0.20251,0.31297,-0.45037,0.97491,0.22462,0.97385
0.56033,2.374,0.28349,0.34692,0.10132,-0.28018,-0.34857,-0.26787,-0.18297,1.3246,2.4411,-0.62239,0.10148,-0.22914,1.5909,-0.32172,0.067891,-0.45139,-0.67072,0.2331,1.6898,0.20162,2.1566,-0.11503,-0.17499,-0.97489,-0.90385,-0.79514,-1.0048,4.2785,-0.28403,-0.49426,0.087294,2.0358,-0.39248,0.081658,-0.39566,-0.2427,-0.86311,-0.2639,0.33934,-0.54333,-0.86044,-0.22327,-0.76192,-2.3394,1.0219,-0.057961,0.94578,-0.65992,0.71179,1.0964,-0.15658,-0.097531,-0.5027,-0.49713,1.4746,0.019929,0.83361,0.37006,1.4531
0.2916,3.6153,0.4619,0.3053,-0.25807,-0.74523,-0.31877,-0.87348,-0.17063,2.7308,4.4665,-0.46389,0.24752,-0.19729,2.4454,-0.077281,0.27012,-0.55018,-0.49392,-0.57428,1.0268,0.024488,1.4881,0.44627,-0.25414,-0.80411,-0.63558,-1.0852,-0.62937,4.0456,-0.073371,-0.22981,0.72858,0.010668,-1.0103,0.20025,-0.77608,0.9345,-0.67487,-0.16815,0.48168,-0.51811,-0.25764,-0.14634,-0.34283,-1.8149,1.2025,-0.039925,0.38961,-0.6582,0.012587,1.7404,-0.2514,-0.005827,-0.56626,-0.59568,0.67793,-0.21498,0.59544,-0.060653,0.26977
0.40467,2.1045,0.42145,-0.1383,-0.30709,-0.52714,0.46912,-1.1551,-0.24018,1.2215,2.6844,-0.32138,-0.37719,-0.25614,0.50574,-0.31934,0.037425,-0.40405,-0.45643,-0.45425,-0.32544,-0.76447,1.6358,-0.070942,-0.6685,-0.45993,-0.11213,-1.0013,-0.20454,2.117,0.17355,-0.35894,-0.098614,-0.70833,-1.1977,0.56053,-0.63377,0.84554,-0.42312,0.15325,0.92443,-0.45676,-0.13294,0.57787,-0.47755,-0.91495,1.4512,-0.12904,0.56886,-0.35249,0.39414,-0.21648,-0.29857,-0.14266,-0.21369,-0.51139,0.028047,-0.2625,-0.19942,-0.37881,0.73523
0.14721,1.7309,0.21586,0.027511,0.66918,1.1146,0.67985,-0.7268,-0.13681,1.4727,2.0626,-0.69065,0.02776,0.18964,1.2246,-0.61017,0.079923,-0.23047,-0.69945,-0.24304,-0.41073,-0.38603,1.211,-0.39298,-0.42185,-0.33063,-1.2159,-0.13497,0.1345,3.1009,-0.080747,-0.27766,-0.51244,-0.38884,-0.81035,-0.1842,-0.68054,0.12668,-0.18601,0.071126,0.074208,-0.46696,-0.91855,0.90691,-0.76385,-1.0049,0.8104,-0.10811,-0.0070956,-0.48256,-1.8414,-0.71884,-0.12468,-0.17362,0.41625,-0.76791,-0.69731,-0.01282,-0.21395,0.33712,0.33398
-0.23277,1.7805,0.40748,-0.2314,0.26177,0.61859,0.36394,-0.69871,-0.12305,1.0974,1.6009,-0.52429,0.049625,0.2553,0.44657,-0.68346,0.48538,-0.1863,-0.92759,-0.75848,-0.58942,-0.68349,2.3648,-0.23286,-0.13378,-0.36959,-0.99075,-0.17385,0.0042644,2.7441,-0.19666,-0.25211,-0.50029,-0.46833,-0.37007,-0.41347,-0.35778,0.46418,-0.14874,-0.21353,-0.25172,-0.30928,-0.29487,0.44779,-0.36638,-0.64885,1.159,-0.11766,0.92798,-0.51118,-1.0624,0.21228,-0.21411,-0.19026,0.37232,-0.95651,-0.74632,0.2656,0.53944,0.10448,0.19182
-0.31671,1.5424,0.15976,-0.22648,-0.24212,0.17804,0.20508,-0.53318,-0.15354,0.41637,1.6545,-0.7601,-0.1181,0.18611,0.55611,-0.65214,0.5389,-0.23975,-0.78381,-0.57834,-0.52162,-0.39961,1.5023,-0.15581,-0.26264,-0.67824,-0.7569,-0.87094,-0.040958,1.4764,-0.0638,-0.25431,-0.62484,-0.55849,-0.51245,-0.45422,-0.47618,0.36891,-0.36993,-0.2383,0.10198,-0.26392,-0.69385,0.19059,-0.39595,-1.1753,1.8628,-0.14984,0.5402,-0.42003,-0.20867,-0.01476,-0.30898,-0.19646,0.014228,-1.0857,0.15994,-0.24302,0.63327,-0.3344,0.74566
-0.3504,1.0205,0.17342,-0.20082,-0.30446,-0.1043,0.11513,-0.26565,-0.066406,-0.71789,1.6011,-0.37635,-0.077622,2.9571,-0.024603,-0.4088,1.1409,-0.28128,-0.48633,-0.87289,-0.25877,-0.040606,1.3495,-0.73104,-0.2947,-1.3219,-1.5367,-0.87067,-1.3441,0.66375,-0.76285,-0.42627,-0.8261,-0.40806,-0.59091,0.31262,-0.82166,0.15337,-0.39517,-0.24097,0.73594,-0.35129,-1.6306,-0.055903,-0.1146,-0.89797,2.1693,-0.13004,-0.072329,-0.22816,0.45691,0.14037,-0.14726,-0.017509,1.6514,-0.57339,0.99261,-0.50421,1.8365,-0.10001,0.61936
-0.28775,0.41099,-0.097113,-0.10517,-0.088153,-0.20521,-0.035665,-0.31366,0.026073,-0.54088,0.65457,-0.38815,-0.27793,4.0117,-0.42216,-0.23011,-0.028723,-0.33336,-0.32089,0.28372,-0.5127,-0.37178,1.98,-0.67319,-0.21616,-0.096344,-0.66125,-0.77698,-0.76244,1.1663,-0.41829,-0.27599,-0.10391,-0.077581,-0.58832,0.069064,-0.37156,0.18142,-0.61399,-0.075026,0.53499,-0.14033,-0.57043,0.11518,-0.13112,-1.2413,1.1148,0.0087508,1.2358,-0.2085,0.42946,0.045527,-0.16183,0.22382,0.98807,-0.36592,0.50599,-0.25871,-0.35405,-0.3219,-0.069023
-0.45427,0.3496,-0.43372,0.34022,-0.27456,-0.38327,-0.26694,-0.43507,-0.04301,-0.54633,0.48404,-1.1035,-0.37272,2.4929,-0.26712,-0.29281,1.4907,-0.39785,-0.66185,-0.24283,-0.22627,-0.4716,0.99177,-0.62249,-0.24955,-0.9503,-1.3347,-0.74607,-0.58888,0.28583,-0.77158,-0.17998,-0.36451,0.64733,-0.72224,-0.37982,-0.54078,0.16663,-0.74455,-0.098081,0.038498,-0.20724,-1.1295,0.16408,-0.27155,-1.2839,2.864,-0.30945,-0.0048303,-0.37615,0.1894,-0.25578,-0.31605,-0.032285,-0.084147,-0.64255,1.7301,0.12584,1.118,-0.60185,1.3219
-0.31026,0.12857,-0.37685,0.30019,0.15793,-0.27373,-0.22595,-0.69088,-0.2664,-0.11865,0.099204,-0.039756,-0.24003,2.0237,-0.38686,-0.24491,0.43909,-0.40265,2.2028,0.071235,0.2355,-0.50228,1.4806,-0.45103,-0.32571,-1.2738,-1.3852,0.3384,-0.30322,3.3231,-0.52817,-0.10082,-0.74362,0.71977,-0.66426,0.26983,-1.4593,-0.76662,-0.7882,-0.28298,0.032178,0.24453,-0.87,-0.0030084,-0.23001,-0.76763,1.0366,0.83997,0.45455,-0.50374,-2.9855,-0.99468,-0.23934,-0.46532,-0.72894,-0.34578,0.022727,0.022454,0.66731,-0.064274,0.99622
-0.26074,0.63292,-0.29935,0.204,0.051837,-0.55893,-0.36076,-0.60057,-0.16409,1.7118,0.13645,-0.67934,-0.23373,1.6785,-0.19588,-0.10855,-0.44588,-0.50016,2.1072,0.086373,-0.60413,-0.42765,1.7773,0.021681,-0.16485,0.13907,-0.14529,0.54202,-0.33059,3.1029,0.40051,-0.12627,0.19904,-0.73798,-0.024646,0.10762,-0.63785,0.10997,-0.53428,-0.19169,0.030812,1.0302,0.70961,-0.0090373,0.076606,-1.691,0.5405,0.83906,1.6657,-0.23189,-0.44506,-0.0011055,-0.1271,0.045215,-0.79695,-0.19345,0.26287,-0.35703,0.00042062,-0.13458,-0.29482
-0.35095,0.32188,-0.29868,0.1748,-0.073107,-0.86136,-0.33851,-0.28366,-0.0016147,0.59091,0.23234,-0.89984,-0.14243,0.84523,-0.069232,-0.20485,-0.22484,-0.32644,1.447,0.36688,-0.41437,-0.3061,0.48177,-0.27522,-0.078033,-0.52648,-0.91277,-0.35911,-0.40868,1.9456,-0.29966,-0.22022,-0.1542,0.98058,-0.56407,-0.62455,-0.3995,-0.097013,-0.35545,-0.13665,-0.088728,0.36553,0.053674,-0.080847,-0.27044,-1.9317,1.5033,-0.12318,0.28198,-0.040598,0.61445,-0.77203,-0.19018,0.089498,-0.12848,-0.62276,0.79736,-0.19724,-0.27478,-0.019651,-0.12317
-0.45321,0.091253,-0.22252,0.10439,-0.32727,-0.929,-0.39626,-0.36081,0.09579,0.15264,-0.023322,-0.63315,0.19116,1.4109,-0.26296,-0.2454,-0.44319,-0.35541,0.93836,0.77439,-0.49866,0.028931,0.97248,-0.4559,-0.27622,-0.22141,-0.88821,-0.30702,-0.50662,1.743,-0.52867,-0.14517,-0.073545,1.3658,-0.68091,-0.52613,-0.29326,-0.071656,-0.2777,-0.32221,0.024849,0.15912,0.11109,0.066281,0.032396,-1.7324,0.98855,-0.0032621,0.71341,-0.21649,-0.193,-0.60664,-0.18847,-0.34458,0.38874,-0.36563,-0.073776,-0.46272,-1.9484,-0.10788,-0.36622
-0.4659,-0.15578,-0.26999,-0.050186,-0.48073,-0.96081,-0.42427,-0.052385,0.041805,-0.24815,-0.36911,-0.18446,0.0086768,0.59325,-0.19386,-0.22242,-0.67561,-0.2135,1.9457,0.21774,-0.31102,0.37152,0.56165,-0.45653,-0.64429,-1.0237,-1.0039,-0.14008,0.17665,1.286,-0.19207,-0.18519,0.1462,0.22913,-0.069686,-0.30657,-0.59069,0.32781,-0.25889,0.17637,-0.12585,-0.1952,-0.053547,0.51791,-0.1167,-1.0073,0.46523,-0.30533,0.017434,-0.44672,-0.28761,1.3694,-0.2985,-0.42303,-0.16747,-0.087344,0.31265,-0.34069,0.19447,-0.43354,0.32601
-0.38956,-0.31893,-0.2892,-0.087472,-0.57195,-1.1112,-0.5061,0.088384,0.021916,-0.38962,-0.389,-0.18675,0.19526,0.72529,-0.083206,-0.39285,-0.81514,-0.21901,2.1322,0.58017,-0.3408,0.41186,1.0876,-0.23702,-0.45428,-0.92169,-1.027,-0.44107,0.17562,1.8537,-0.43091,-0.23568,0.11578,-0.24961,-0.59394,0.63351,-0.67504,0.25785,-0.4007,0.047144,0.48019,-0.17476,-0.041202,0.093572,0.027007,-1.3227,-0.14418,-0.20692,0.87083,-0.30033,-0.83641,1.598,-0.2064,-0.39292,-0.14359,-0.13656,0.30916,-0.37103,-0.18855,-0.5015,0.12781
